Orders             Exp_profit          Exp_sales           Exp_lost_sales      Exp_leftover        Stockout_prob       CVaR

     2184.20          162559.11             2062.43             1074.75              121.77                0.80           126027.54



Scenario           Profit              Sales               Leftover_inv        demand
s1             174736.30                    2184.20                0.00             3188.25
s2             174736.30                    2184.20                0.00             3838.86
s3             111583.79                    1552.68              631.53             1552.68
s4             174736.30                    2184.20                0.00             3162.94
s5             116901.00                    1605.85              578.35             1605.85
s6             174736.30                    2184.20                0.00             2480.83
s7             174736.30                    2184.20                0.00             3563.91
s8             147036.19                    1907.20              277.00             1907.20
s9             174736.30                    2184.20                0.00             3974.80
s10            -43684.08                       0.00             2184.20                0.00
s11            174736.30                    2184.20                0.00             2715.44
s12            158054.05                    2017.38              166.82             2017.38
s13            174736.30                    2184.20                0.00             2662.24
s14            174736.30                    2184.20                0.00             4485.04
s15            174736.30                    2184.20                0.00             2787.86
s16            174736.30                    2184.20                0.00             2467.26
s17            174736.30                    2184.20                0.00             4192.53
s18            174736.30                    2184.20                0.00             2870.00
s19            174736.30                    2184.20                0.00             2689.59
s20            174736.30                    2184.20                0.00             2526.41
s21            174736.30                    2184.20                0.00             4091.27
s22            174736.30                    2184.20                0.00             3307.65
s23            174736.30                    2184.20                0.00             4714.17
s24             93002.57                    1366.87              817.34             1366.87
s25            174736.30                    2184.20                0.00             4182.56
s26            -38918.68                      47.65             2136.55               47.65
s27            174736.30                    2184.20                0.00             3866.85
s28            174736.30                    2184.20                0.00             4048.97
s29            174736.30                    2184.20                0.00             4090.59
s30            174736.30                    2184.20                0.00             4408.84
s31            174736.30                    2184.20                0.00             3328.51
s32            174736.30                    2184.20                0.00             3301.81
s33            174736.30                    2184.20                0.00             3874.48
s34            174736.30                    2184.20                0.00             3907.43
s35            174736.30                    2184.20                0.00             2962.42
s36            174736.30                    2184.20                0.00             3141.30
s37            174736.30                    2184.20                0.00             3648.11
s38            174736.30                    2184.20                0.00             3681.10
s39            174736.30                    2184.20                0.00             5003.22
s40            174736.30                    2184.20                0.00             3378.43
s41            174736.30                    2184.20                0.00             5107.10
s42            143118.72                    1868.03              316.18             1868.03
s43            174736.30                    2184.20                0.00             2736.28
s44            -22077.69                     216.06             1968.14              216.06
s45            174736.30                    2184.20                0.00             2855.29
s46            117643.70                    1613.28              570.93             1613.28
s47            146704.03                    1903.88              280.32             1903.88
s48            174736.30                    2184.20                0.00             3148.96
s49            174736.30                    2184.20                0.00             4403.85
s50            174736.30                    2184.20                0.00             3964.55
s51            174736.30                    2184.20                0.00             2925.99
s52            174736.30                    2184.20                0.00             4750.87
s53            145155.14                    1888.39              295.81             1888.39
s54            174736.30                    2184.20                0.00             2459.57
s55            174736.30                    2184.20                0.00             2617.27
s56            174736.30                    2184.20                0.00             2288.06
s57            174736.30                    2184.20                0.00             3585.10
s58            174736.30                    2184.20                0.00             4368.33
s59            174736.30                    2184.20                0.00             4971.11
s60             99115.03                    1427.99              756.21             1427.99
s61            174736.30                    2184.20                0.00             4248.76
s62            174736.30                    2184.20                0.00             4121.00
s63            151048.41                    1947.32              236.88             1947.32
s64            128354.63                    1720.39              463.82             1720.39
s65            174736.30                    2184.20                0.00             4508.10
s66            174736.30                    2184.20                0.00             2745.26
s67            174736.30                    2184.20                0.00             2400.82
s68            174736.30                    2184.20                0.00             3201.93
s69            174736.30                    2184.20                0.00             2378.94
s70            174736.30                    2184.20                0.00             2491.32
s71            174736.30                    2184.20                0.00             2551.31
s72            174736.30                    2184.20                0.00             2593.27
s73            174736.30                    2184.20                0.00             7010.74
s74            174736.30                    2184.20                0.00             3956.45
s75            133399.67                    1770.84              413.37             1770.84
s76            174736.30                    2184.20                0.00             3870.97
s77             63182.07                    1068.66             1115.54             1068.66
s78            174736.30                    2184.20                0.00             3746.06
s79            174736.30                    2184.20                0.00             4210.24
s80            174736.30                    2184.20                0.00             3890.99
s81             86903.38                    1305.87              878.33             1305.87
s82            174736.30                    2184.20                0.00             3498.27
s83            174736.30                    2184.20                0.00             3197.86
s84            157328.58                    2010.13              174.08             2010.13
s85            174736.30                    2184.20                0.00             2222.25
s86            174736.30                    2184.20                0.00             2568.55
s87            174736.30                    2184.20                0.00             3709.01
s88            174736.30                    2184.20                0.00             3655.25
s89            174736.30                    2184.20                0.00             3448.57
s90            136067.92                    1797.52              386.68             1797.52
s91            174736.30                    2184.20                0.00             4424.47
s92            174736.30                    2184.20                0.00             4349.05
s93            174736.30                    2184.20                0.00             2426.19
s94            174736.30                    2184.20                0.00             3756.19
s95            174736.30                    2184.20                0.00             2940.36
s96            174736.30                    2184.20                0.00             2766.13
s97            174736.30                    2184.20                0.00             3956.88
s98            174736.30                    2184.20                0.00             2475.70
s99            174736.30                    2184.20                0.00             2966.90
s100           108507.75                    1521.92              662.29             1521.92
s101           174736.30                    2184.20                0.00             4327.76
s102           174736.30                    2184.20                0.00             3261.12
s103           142308.00                    1859.92              324.28             1859.92
s104           116230.82                    1599.15              585.05             1599.15
s105           174736.30                    2184.20                0.00             3959.47
s106           174736.30                    2184.20                0.00             3434.49
s107           174736.30                    2184.20                0.00             2500.85
s108            89425.07                    1331.09              853.11             1331.09
s109           171621.71                    2153.06               31.15             2153.06
s110           174736.30                    2184.20                0.00             4339.83
s111           174736.30                    2184.20                0.00             5598.15
s112           174736.30                    2184.20                0.00             2515.86
s113            -6946.34                     367.38             1816.83              367.38
s114           174736.30                    2184.20                0.00             3099.94
s115           174736.30                    2184.20                0.00             4296.38
s116           174736.30                    2184.20                0.00             3281.13
s117           174736.30                    2184.20                0.00             2461.30
s118           174736.30                    2184.20                0.00             3019.16
s119           174736.30                    2184.20                0.00             3096.81
s120           174736.30                    2184.20                0.00             3818.87
s121           174736.30                    2184.20                0.00             2760.31
s122           174736.30                    2184.20                0.00             3906.00
s123           113774.11                    1574.58              609.62             1574.58
s124           174736.30                    2184.20                0.00             3166.96
s125            47605.75                     912.90             1271.31              912.90
s126           145666.55                    1893.51              290.70             1893.51
s127           174736.30                    2184.20                0.00             3941.33
s128           174736.30                    2184.20                0.00             3211.88
s129           143464.60                    1871.49              312.72             1871.49
s130            -4672.82                     390.11             1794.09              390.11
s131           174736.30                    2184.20                0.00             3719.54
s132           174736.30                    2184.20                0.00             3353.03
s133           174736.30                    2184.20                0.00             3290.54
s134           174736.30                    2184.20                0.00             4304.49
s135           174736.30                    2184.20                0.00             2519.02
s136           174736.30                    2184.20                0.00             3080.56
s137           174736.30                    2184.20                0.00             4784.99
s138           174736.30                    2184.20                0.00             3108.43
s139           174736.30                    2184.20                0.00             4328.83
s140           174736.30                    2184.20                0.00             2472.25
s141           174736.30                    2184.20                0.00             3976.60
s142           174736.30                    2184.20                0.00             3698.00
s143           174736.30                    2184.20                0.00             4542.86
s144            32677.44                     763.62             1420.59              763.62
s145            74811.16                    1184.95              999.25             1184.95
s146           174736.30                    2184.20                0.00             2699.69
s147           174736.30                    2184.20                0.00             3626.35
s148           174736.30                    2184.20                0.00             4781.35
s149           174736.30                    2184.20                0.00             4151.54
s150           174736.30                    2184.20                0.00             3827.90
s151           174736.30                    2184.20                0.00             2829.46
s152           112856.41                    1565.40              618.80             1565.40
s153           130544.20                    1742.28              441.92             1742.28
s154           174736.30                    2184.20                0.00             4234.46
s155           174736.30                    2184.20                0.00             2321.55
s156           174736.30                    2184.20                0.00             2375.60
s157           174736.30                    2184.20                0.00             3579.42
s158           174736.30                    2184.20                0.00             2919.31
s159           174736.30                    2184.20                0.00             2771.73
s160           174736.30                    2184.20                0.00             3750.56
s161           174736.30                    2184.20                0.00             4494.94
s162           174736.30                    2184.20                0.00             2590.69
s163           143445.18                    1871.29              312.91             1871.29
s164           174736.30                    2184.20                0.00             4090.04
s165           174736.30                    2184.20                0.00             2969.56
s166           174736.30                    2184.20                0.00             3185.79
s167           174736.30                    2184.20                0.00             3479.89
s168           174736.30                    2184.20                0.00             2239.42
s169           174736.30                    2184.20                0.00             3749.28
s170           174736.30                    2184.20                0.00             2205.65
s171           174736.30                    2184.20                0.00             3082.36
s172           136315.55                    1800.00              384.21             1800.00
s173           174736.30                    2184.20                0.00             4267.36
s174           174736.30                    2184.20                0.00             6307.64
s175           174736.30                    2184.20                0.00             4548.85
s176           174736.30                    2184.20                0.00             2443.43
s177           174736.30                    2184.20                0.00             3957.97
s178           174736.30                    2184.20                0.00             3493.36
s179           174736.30                    2184.20                0.00             2961.18
s180           174736.30                    2184.20                0.00             3737.22
s181           174736.30                    2184.20                0.00             4514.19
s182           174736.30                    2184.20                0.00             3352.89
s183           174736.30                    2184.20                0.00             3573.93
s184           174736.30                    2184.20                0.00             5024.76
s185           174736.30                    2184.20                0.00             2998.27
s186           174736.30                    2184.20                0.00             3732.34
s187           -29280.18                     144.04             2040.16              144.04
s188           174736.30                    2184.20                0.00             5122.31
s189           174736.30                    2184.20                0.00             2691.48
s190           174736.30                    2184.20                0.00             3026.21
s191           174736.30                    2184.20                0.00             3688.75
s192           174736.30                    2184.20                0.00             3274.05
s193           174736.30                    2184.20                0.00             3510.31
s194            89830.09                    1335.14              849.06             1335.14
s195           174736.30                    2184.20                0.00             3645.14
s196           174736.30                    2184.20                0.00             2797.67
s197           174736.30                    2184.20                0.00             3235.16
s198           174736.30                    2184.20                0.00             3181.71
s199           174736.30                    2184.20                0.00             4042.54
s200           109550.01                    1532.34              651.86             1532.34
s201           174736.30                    2184.20                0.00             2575.40
s202           174736.30                    2184.20                0.00             3764.85
s203           174736.30                    2184.20                0.00             2759.89
s204           174736.30                    2184.20                0.00             3029.35
s205           174736.30                    2184.20                0.00             3293.42
s206           174736.30                    2184.20                0.00             4071.56
s207           174736.30                    2184.20                0.00             4144.28
s208           174736.30                    2184.20                0.00             2512.89
s209           174736.30                    2184.20                0.00             4029.13
s210           174736.30                    2184.20                0.00             2550.31
s211           174736.30                    2184.20                0.00             2615.71
s212           174736.30                    2184.20                0.00             2653.85
s213           174736.30                    2184.20                0.00             2927.99
s214           174736.30                    2184.20                0.00             2451.07
s215           174736.30                    2184.20                0.00             4275.19
s216           174736.30                    2184.20                0.00             4567.11
s217           174736.30                    2184.20                0.00             4616.65
s218           174736.30                    2184.20                0.00             2198.09
s219           174736.30                    2184.20                0.00             3922.24
s220           174736.30                    2184.20                0.00             4843.11
s221           174736.30                    2184.20                0.00             2323.17
s222           174736.30                    2184.20                0.00             2523.03
s223           174736.30                    2184.20                0.00             2786.21
s224           174736.30                    2184.20                0.00             3078.87
s225           174736.30                    2184.20                0.00             4501.35
s226           174736.30                    2184.20                0.00             3628.98
s227           174736.30                    2184.20                0.00             2324.10
s228           167334.52                    2110.19               74.02             2110.19
s229           174736.30                    2184.20                0.00             3114.46
s230           174736.30                    2184.20                0.00             4367.70
s231           158591.41                    2022.75              161.45             2022.75
s232           174736.30                    2184.20                0.00             3208.13
s233           174736.30                    2184.20                0.00             3376.59
s234           174736.30                    2184.20                0.00             3422.66
s235           174736.30                    2184.20                0.00             3092.89
s236           171990.59                    2156.75               27.46             2156.75
s237           107335.32                    1510.19              674.01             1510.19
s238           174736.30                    2184.20                0.00             2714.67
s239           174736.30                    2184.20                0.00             3196.28
s240           174736.30                    2184.20                0.00             2607.45
s241           159601.44                    2032.86              151.35             2032.86
s242           174736.30                    2184.20                0.00             3734.26
s243           174736.30                    2184.20                0.00             3367.61
s244           174736.30                    2184.20                0.00             3802.00
s245           174736.30                    2184.20                0.00             2750.59
s246           174736.30                    2184.20                0.00             2917.83
s247           174736.30                    2184.20                0.00             3164.90
s248           174736.30                    2184.20                0.00             3743.60
s249           174736.30                    2184.20                0.00             2192.11
s250           174736.30                    2184.20                0.00             3228.50
s251           174736.30                    2184.20                0.00             3137.31
s252           153801.05                    1974.85              209.35             1974.85
s253           174736.30                    2184.20                0.00             3177.52
s254           174736.30                    2184.20                0.00             2958.72
s255           174736.30                    2184.20                0.00             3797.97
s256           174736.30                    2184.20                0.00             2260.01
s257           174736.30                    2184.20                0.00             2799.87
s258           173046.60                    2167.31               16.90             2167.31
s259           174736.30                    2184.20                0.00             3846.63
s260           174736.30                    2184.20                0.00             4091.40
s261           174736.30                    2184.20                0.00             3766.87
s262           174736.30                    2184.20                0.00             2428.68
s263           174736.30                    2184.20                0.00             4661.93
s264           174736.30                    2184.20                0.00             2548.50
s265           174736.30                    2184.20                0.00             3791.74
s266           174736.30                    2184.20                0.00             2357.65
s267           174736.30                    2184.20                0.00             3115.42
s268           174736.30                    2184.20                0.00             2287.76
s269           174736.30                    2184.20                0.00             2850.69
s270           174736.30                    2184.20                0.00             2226.29
s271           133231.19                    1769.15              415.05             1769.15
s272           174736.30                    2184.20                0.00             2364.73
s273           174736.30                    2184.20                0.00             3440.59
s274           130606.45                    1742.91              441.30             1742.91
s275           174736.30                    2184.20                0.00             3860.64
s276           174736.30                    2184.20                0.00             3369.12
s277           174736.30                    2184.20                0.00             2755.49
s278           174736.30                    2184.20                0.00             2212.92
s279           174736.30                    2184.20                0.00             4132.07
s280           174736.30                    2184.20                0.00             4502.04
s281           174736.30                    2184.20                0.00             2430.41
s282            91450.35                    1351.34              832.86             1351.34
s283           174736.30                    2184.20                0.00             2255.18
s284           174736.30                    2184.20                0.00             4902.12
s285           174736.30                    2184.20                0.00             3755.93
s286           174736.30                    2184.20                0.00             3825.63
s287           174736.30                    2184.20                0.00             3136.01
s288           156436.95                    2001.21              182.99             2001.21
s289           174736.30                    2184.20                0.00             2671.57
s290           174736.30                    2184.20                0.00             4036.61
s291           164042.04                    2077.26              106.94             2077.26
s292           174736.30                    2184.20                0.00             3799.42
s293           174736.30                    2184.20                0.00             4098.48
s294           174736.30                    2184.20                0.00             3581.96
s295            -8046.09                     356.38             1827.82              356.38
s296           174736.30                    2184.20                0.00             2184.20
s297           174736.30                    2184.20                0.00             4192.43
s298           174736.30                    2184.20                0.00             3642.28
s299           174736.30                    2184.20                0.00             3857.40
s300           174736.30                    2184.20                0.00             2991.40
s301           174736.30                    2184.20                0.00             4327.46
s302           174736.30                    2184.20                0.00             3547.91
s303           174415.98                    2181.00                3.20             2181.00
s304           174736.30                    2184.20                0.00             4400.82
s305           172310.54                    2159.95               24.26             2159.95
s306           174736.30                    2184.20                0.00             3287.67
s307            36688.90                     803.73             1380.47              803.73
s308           174736.30                    2184.20                0.00             2469.33
s309            74910.58                    1185.95              998.26             1185.95
s310           174736.30                    2184.20                0.00             4643.70
s311           174736.30                    2184.20                0.00             3516.03
s312           147266.70                    1909.51              274.70             1909.51
s313           174736.30                    2184.20                0.00             2664.49
s314           174736.30                    2184.20                0.00             4877.15
s315           174736.30                    2184.20                0.00             3157.62
s316           153456.00                    1971.40              212.80             1971.40
s317            99221.62                    1429.06              755.15             1429.06
s318           174736.30                    2184.20                0.00             3712.37
s319           174736.30                    2184.20                0.00             2832.88
s320           166059.63                    2097.44               86.77             2097.44
s321           174736.30                    2184.20                0.00             3988.47
s322           174736.30                    2184.20                0.00             3661.53
s323           174736.30                    2184.20                0.00             4011.89
s324           174736.30                    2184.20                0.00             4058.98
s325           174736.30                    2184.20                0.00             3365.44
s326           174736.30                    2184.20                0.00             3238.29
s327            65333.66                    1090.18             1094.03             1090.18
s328           138246.87                    1819.31              364.89             1819.31
s329           174736.30                    2184.20                0.00             3814.09
s330           174736.30                    2184.20                0.00             2375.67
s331           174736.30                    2184.20                0.00             5231.73
s332           174736.30                    2184.20                0.00             4741.49
s333           174736.30                    2184.20                0.00             4013.90
s334           157289.96                    2009.74              174.46             2009.74
s335           174736.30                    2184.20                0.00             2446.97
s336           174736.30                    2184.20                0.00             3625.91
s337           174736.30                    2184.20                0.00             3998.73
s338           174736.30                    2184.20                0.00             4242.66
s339           174736.30                    2184.20                0.00             3269.02
s340           174736.30                    2184.20                0.00             4716.48
s341           174736.30                    2184.20                0.00             3750.90
s342           174736.30                    2184.20                0.00             3309.51
s343           169679.14                    2133.63               50.57             2133.63
s344           104936.70                    1486.21              698.00             1486.21
s345           174736.30                    2184.20                0.00             3311.18
s346           174736.30                    2184.20                0.00             3535.61
s347           174736.30                    2184.20                0.00             3813.00
s348           174736.30                    2184.20                0.00             2619.32
s349           160969.37                    2046.53              137.67             2046.53
s350           174736.30                    2184.20                0.00             2852.78
s351           174736.30                    2184.20                0.00             3179.47
s352           174736.30                    2184.20                0.00             2601.50
s353           107292.55                    1509.77              674.44             1509.77
s354           174736.30                    2184.20                0.00             3823.64
s355           174736.30                    2184.20                0.00             3571.74
s356           174736.30                    2184.20                0.00             3875.39
s357           174736.30                    2184.20                0.00             4280.25
s358           174736.30                    2184.20                0.00             2852.04
s359           174736.30                    2184.20                0.00             4265.23
s360            38837.19                     825.21             1358.99              825.21
s361            93853.29                    1375.37              808.83             1375.37
s362           174736.30                    2184.20                0.00             4491.66
s363           174736.30                    2184.20                0.00             2413.32
s364           149682.36                    1933.66              250.54             1933.66
s365           174736.30                    2184.20                0.00             3642.06
s366           174736.30                    2184.20                0.00             2738.89
s367           174736.30                    2184.20                0.00             2955.03
s368           174736.30                    2184.20                0.00             2842.44
s369           174736.30                    2184.20                0.00             3265.33
s370           174736.30                    2184.20                0.00             3466.06
s371           174736.30                    2184.20                0.00             3056.62
s372           174736.30                    2184.20                0.00             3505.10
s373           174736.30                    2184.20                0.00             3691.91
s374           174736.30                    2184.20                0.00             2614.83
s375           174736.30                    2184.20                0.00             2408.88
s376           174736.30                    2184.20                0.00             4552.70
s377           174736.30                    2184.20                0.00             3847.04
s378           174736.30                    2184.20                0.00             3021.95
s379           174736.30                    2184.20                0.00             2600.60
s380           174736.30                    2184.20                0.00             2598.04
s381           117874.62                    1615.59              568.62             1615.59
s382           174736.30                    2184.20                0.00             4346.74
s383           168432.61                    2121.17               63.04             2121.17
s384           174736.30                    2184.20                0.00             4960.92
s385           174736.30                    2184.20                0.00             3457.29
s386           174736.30                    2184.20                0.00             2442.16
s387           174736.30                    2184.20                0.00             3314.15
s388           174736.30                    2184.20                0.00             4276.88
s389           174736.30                    2184.20                0.00             3432.38
s390           174736.30                    2184.20                0.00             4652.09
s391           174736.30                    2184.20                0.00             3111.07
s392           174736.30                    2184.20                0.00             3154.04
s393            88028.48                    1317.13              867.08             1317.13
s394           169963.10                    2136.47               47.73             2136.47
s395           174736.30                    2184.20                0.00             3474.49
s396           158835.46                    2025.20              159.01             2025.20
s397           174736.30                    2184.20                0.00             3377.13
s398           174736.30                    2184.20                0.00             4474.91
s399           174736.30                    2184.20                0.00             2306.50
s400           166211.96                    2098.96               85.24             2098.96
s401           174736.30                    2184.20                0.00             4365.52
s402           174736.30                    2184.20                0.00             3741.04
s403           174736.30                    2184.20                0.00             2648.38
s404           174736.30                    2184.20                0.00             4094.50
s405           154918.02                    1986.02              198.18             1986.02
s406           174736.30                    2184.20                0.00             3606.30
s407           174736.30                    2184.20                0.00             3366.76
s408           160902.66                    2045.87              138.34             2045.87
s409           174736.30                    2184.20                0.00             2632.62
s410           174736.30                    2184.20                0.00             2849.03
s411           174736.30                    2184.20                0.00             2494.79
s412            30619.51                     743.04             1441.17              743.04
s413           174736.30                    2184.20                0.00             3120.20
s414           174736.30                    2184.20                0.00             3460.91
s415           174736.30                    2184.20                0.00             3868.88
s416           174736.30                    2184.20                0.00             3639.56
s417           174736.30                    2184.20                0.00             3375.56
s418           174736.30                    2184.20                0.00             3638.73
s419           174736.30                    2184.20                0.00             4999.04
s420            30033.15                     737.17             1447.03              737.17
s421           174736.30                    2184.20                0.00             2760.80
s422           122570.50                    1662.55              521.66             1662.55
s423           174736.30                    2184.20                0.00             3469.41
s424           174736.30                    2184.20                0.00             3764.48
s425           174736.30                    2184.20                0.00             3021.03
s426           174736.30                    2184.20                0.00             2291.80
s427           135192.40                    1788.76              395.44             1788.76
s428           174736.30                    2184.20                0.00             2629.79
s429           174736.30                    2184.20                0.00             4474.03
s430           174736.30                    2184.20                0.00             2838.75
s431           174088.92                    2177.73                6.47             2177.73
s432           174736.30                    2184.20                0.00             2708.40
s433           119698.87                    1633.83              550.37             1633.83
s434           174736.30                    2184.20                0.00             3809.33
s435            70298.57                    1139.83             1044.38             1139.83
s436           174736.30                    2184.20                0.00             2767.47
s437           174736.30                    2184.20                0.00             3093.50
s438           174736.30                    2184.20                0.00             4122.92
s439           174736.30                    2184.20                0.00             2944.97
s440           153047.06                    1967.31              216.89             1967.31
s441            11387.33                     550.71             1633.49              550.71
s442           163493.64                    2071.78              112.43             2071.78
s443           174736.30                    2184.20                0.00             3659.06
s444           174736.30                    2184.20                0.00             3847.68
s445           174736.30                    2184.20                0.00             3508.44
s446           174736.30                    2184.20                0.00             3547.67
s447           143314.71                    1869.99              314.22             1869.99
s448           174736.30                    2184.20                0.00             4516.27
s449           174736.30                    2184.20                0.00             5292.89
s450           174736.30                    2184.20                0.00             4436.69
s451           174736.30                    2184.20                0.00             2722.73
s452           145582.93                    1892.67              291.53             1892.67
s453           174736.30                    2184.20                0.00             3977.76
s454           174736.30                    2184.20                0.00             5742.93
s455           174736.30                    2184.20                0.00             4437.46
s456           136419.29                    1801.03              383.17             1801.03
s457           174736.30                    2184.20                0.00             2652.99
s458           174736.30                    2184.20                0.00             2252.26
s459           104322.46                    1480.07              704.14             1480.07
s460           174736.30                    2184.20                0.00             2945.71
s461           174736.30                    2184.20                0.00             4208.20
s462           154246.19                    1979.30              204.90             1979.30
s463           174736.30                    2184.20                0.00             4166.14
s464           174736.30                    2184.20                0.00             3774.74
s465           102310.18                    1459.94              724.26             1459.94
s466           174736.30                    2184.20                0.00             3158.20
s467           125266.72                    1689.51              494.70             1689.51
s468           -27028.96                     166.55             2017.65              166.55
s469           -43684.08                       0.00             2184.20                0.00
s470           174736.30                    2184.20                0.00             4851.84
s471           174736.30                    2184.20                0.00             3980.06
s472           174736.30                    2184.20                0.00             2757.49
s473           174736.30                    2184.20                0.00             2808.22
s474           133860.65                    1775.45              408.76             1775.45
s475           174736.30                    2184.20                0.00             2815.37
s476           174736.30                    2184.20                0.00             5157.40
s477            69888.46                    1135.73             1048.48             1135.73
s478           174736.30                    2184.20                0.00             3904.70
s479           174736.30                    2184.20                0.00             2882.47
s480           174736.30                    2184.20                0.00             4877.46
s481           153867.96                    1975.52              208.68             1975.52
s482           174736.30                    2184.20                0.00             2265.00
s483           174736.30                    2184.20                0.00             3968.11
s484           174736.30                    2184.20                0.00             5149.28
s485            34043.83                     777.28             1406.92              777.28
s486            52121.79                     958.06             1226.15              958.06
s487           174736.30                    2184.20                0.00             4284.70
s488           174736.30                    2184.20                0.00             3327.25
s489           174736.30                    2184.20                0.00             5573.77
s490           174736.30                    2184.20                0.00             4540.77
s491           174736.30                    2184.20                0.00             3802.55
s492           174736.30                    2184.20                0.00             3135.32
s493           174736.30                    2184.20                0.00             3264.10
s494           168712.31                    2123.96               60.24             2123.96
s495           174736.30                    2184.20                0.00             2876.49
s496           133388.67                    1770.73              413.48             1770.73
s497           174736.30                    2184.20                0.00             3059.01
s498           174736.30                    2184.20                0.00             2886.80
s499           174736.30                    2184.20                0.00             3058.25
s500           174736.30                    2184.20                0.00             5004.41
s501           174736.30                    2184.20                0.00             3243.74
s502           174736.30                    2184.20                0.00             3776.77
s503           115738.31                    1594.22              589.98             1594.22
s504           161148.83                    2048.33              135.87             2048.33
s505           174736.30                    2184.20                0.00             3418.69
s506           174736.30                    2184.20                0.00             2862.68
s507           174736.30                    2184.20                0.00             5600.52
s508           174736.30                    2184.20                0.00             4239.73
s509           105965.33                    1496.49              687.71             1496.49
s510           170072.74                    2137.57               46.64             2137.57
s511           174736.30                    2184.20                0.00             2313.17
s512           -43684.08                       0.00             2184.20                0.00
s513           174736.30                    2184.20                0.00             4519.56
s514           147678.30                    1913.62              270.58             1913.62
s515           132201.72                    1758.86              425.35             1758.86
s516           174736.30                    2184.20                0.00             3420.47
s517           174736.30                    2184.20                0.00             2568.45
s518           174736.30                    2184.20                0.00             2663.48
s519           174736.30                    2184.20                0.00             4059.48
s520           174736.30                    2184.20                0.00             4541.30
s521           174736.30                    2184.20                0.00             2579.28
s522           174736.30                    2184.20                0.00             3507.74
s523           174178.41                    2178.62                5.58             2178.62
s524           174736.30                    2184.20                0.00             2473.42
s525           174736.30                    2184.20                0.00             5093.49
s526           174736.30                    2184.20                0.00             4286.58
s527           174736.30                    2184.20                0.00             4157.60
s528           103758.09                    1474.42              709.78             1474.42
s529           174736.30                    2184.20                0.00             2832.33
s530           174736.30                    2184.20                0.00             4563.53
s531           174736.30                    2184.20                0.00             4719.79
s532           174736.30                    2184.20                0.00             4085.64
s533           174736.30                    2184.20                0.00             3501.71
s534           174736.30                    2184.20                0.00             3799.83
s535           134867.09                    1785.51              398.69             1785.51
s536           174736.30                    2184.20                0.00             4811.28
s537           -34093.70                      95.90             2088.30               95.90
s538           174736.30                    2184.20                0.00             4215.52
s539           174736.30                    2184.20                0.00             3571.54
s540           174736.30                    2184.20                0.00             7522.15
s541           174736.30                    2184.20                0.00             2418.87
s542           174736.30                    2184.20                0.00             2627.18
s543           164673.35                    2083.57              100.63             2083.57
s544           174736.30                    2184.20                0.00             2867.76
s545           174736.30                    2184.20                0.00             5482.97
s546           174736.30                    2184.20                0.00             5798.91
s547           174736.30                    2184.20                0.00             3490.85
s548           174736.30                    2184.20                0.00             2517.71
s549           174736.30                    2184.20                0.00             2499.12
s550           174736.30                    2184.20                0.00             3184.53
s551           174736.30                    2184.20                0.00             2908.86
s552           174736.30                    2184.20                0.00             4173.97
s553           174736.30                    2184.20                0.00             3492.64
s554           174736.30                    2184.20                0.00             3513.33
s555           174736.30                    2184.20                0.00             2348.75
s556           174736.30                    2184.20                0.00             3154.30
s557           174736.30                    2184.20                0.00             2916.17
s558           174736.30                    2184.20                0.00             4101.17
s559           174736.30                    2184.20                0.00             2570.47
s560           174736.30                    2184.20                0.00             3411.39
s561           138133.95                    1818.18              366.02             1818.18
s562           174736.30                    2184.20                0.00             2746.09
s563           174736.30                    2184.20                0.00             3901.73
s564           174736.30                    2184.20                0.00             5689.53
s565           135887.62                    1795.72              388.49             1795.72
s566           174736.30                    2184.20                0.00             3905.11
s567           174736.30                    2184.20                0.00             3209.07
s568           174736.30                    2184.20                0.00             3262.45
s569           174736.30                    2184.20                0.00             3744.22
s570           174736.30                    2184.20                0.00             2669.39
s571           174736.30                    2184.20                0.00             3093.03
s572           174736.30                    2184.20                0.00             3383.19
s573           113371.24                    1570.55              613.65             1570.55
s574           174736.30                    2184.20                0.00             2561.43
s575           174736.30                    2184.20                0.00             2259.13
s576           174736.30                    2184.20                0.00             3750.27
s577           174736.30                    2184.20                0.00             2770.59
s578           174736.30                    2184.20                0.00             4654.49
s579           174736.30                    2184.20                0.00             4768.81
s580           174736.30                    2184.20                0.00             4351.39
s581           119514.38                    1631.98              552.22             1631.98
s582           174736.30                    2184.20                0.00             2966.82
s583           174736.30                    2184.20                0.00             5124.28
s584           174736.30                    2184.20                0.00             4248.87
s585           174736.30                    2184.20                0.00             3086.08
s586           174736.30                    2184.20                0.00             7593.80
s587           174736.30                    2184.20                0.00             3471.66
s588           174736.30                    2184.20                0.00             4924.71
s589           174736.30                    2184.20                0.00             2675.20
s590            79301.22                    1229.85              954.35             1229.85
s591           174736.30                    2184.20                0.00             2367.26
s592           174736.30                    2184.20                0.00             2277.69
s593           163085.35                    2067.69              116.51             2067.69
s594           174736.30                    2184.20                0.00             2263.71
s595           174736.30                    2184.20                0.00             3963.16
s596           174736.30                    2184.20                0.00             5070.30
s597           174736.30                    2184.20                0.00             4209.78
s598           174736.30                    2184.20                0.00             3412.11
s599           174736.30                    2184.20                0.00             4584.96
s600           174736.30                    2184.20                0.00             2642.40
s601             6734.12                     504.18             1680.02              504.18
s602           174736.30                    2184.20                0.00             3611.60
s603           174736.30                    2184.20                0.00             3035.74
s604           174736.30                    2184.20                0.00             2710.65
s605           174736.30                    2184.20                0.00             4724.58
s606           132180.12                    1758.64              425.56             1758.64
s607           174736.30                    2184.20                0.00             3298.15
s608           174736.30                    2184.20                0.00             2741.79
s609           174736.30                    2184.20                0.00             4303.92
s610           174736.30                    2184.20                0.00             4109.20
s611           171755.68                    2154.40               29.81             2154.40
s612           174736.30                    2184.20                0.00             2639.33
s613           174736.30                    2184.20                0.00             4013.52
s614           174736.30                    2184.20                0.00             4473.59
s615           174736.30                    2184.20                0.00             4371.24
s616           174736.30                    2184.20                0.00             3177.97
s617           174736.30                    2184.20                0.00             4257.30
s618           174736.30                    2184.20                0.00             3406.46
s619           174736.30                    2184.20                0.00             4453.38
s620           174736.30                    2184.20                0.00             3915.61
s621           174736.30                    2184.20                0.00             4992.72
s622           174736.30                    2184.20                0.00             2773.90
s623           174736.30                    2184.20                0.00             2584.12
s624           174736.30                    2184.20                0.00             4588.58
s625           174736.30                    2184.20                0.00             4264.39
s626           174736.30                    2184.20                0.00             3739.13
s627           174736.30                    2184.20                0.00             2808.19
s628           174736.30                    2184.20                0.00             3256.34
s629           174736.30                    2184.20                0.00             3366.47
s630           174736.30                    2184.20                0.00             3784.30
s631           174736.30                    2184.20                0.00             4524.95
s632           174736.30                    2184.20                0.00             4458.47
s633           136363.37                    1800.47              383.73             1800.47
s634           174736.30                    2184.20                0.00             5114.79
s635           174736.30                    2184.20                0.00             2950.79
s636           158036.29                    2017.20              167.00             2017.20
s637           174736.30                    2184.20                0.00             2466.05
s638           174736.30                    2184.20                0.00             2923.39
s639           174736.30                    2184.20                0.00             2337.47
s640           174736.30                    2184.20                0.00             4123.54
s641           174736.30                    2184.20                0.00             2739.48
s642           174736.30                    2184.20                0.00             3340.03
s643           174736.30                    2184.20                0.00             6148.19
s644           174736.30                    2184.20                0.00             2664.77
s645           174736.30                    2184.20                0.00             3053.38
s646           174736.30                    2184.20                0.00             4276.87
s647           174736.30                    2184.20                0.00             4848.35
s648           174736.30                    2184.20                0.00             3233.87
s649           174736.30                    2184.20                0.00             3011.29
s650           166684.45                    2103.69               80.52             2103.69
s651           174736.30                    2184.20                0.00             3761.10
s652           174736.30                    2184.20                0.00             3254.77
s653           174736.30                    2184.20                0.00             4348.52
s654           174736.30                    2184.20                0.00             2540.86
s655           174736.30                    2184.20                0.00             2975.28
s656           174736.30                    2184.20                0.00             2509.85
s657           174736.30                    2184.20                0.00             2696.85
s658           174736.30                    2184.20                0.00             3158.92
s659           144816.26                    1885.00              299.20             1885.00
s660           174736.30                    2184.20                0.00             2677.22
s661           174736.30                    2184.20                0.00             2553.49
s662           174736.30                    2184.20                0.00             3630.06
s663            95300.67                    1389.85              794.36             1389.85
s664           174736.30                    2184.20                0.00             4542.15
s665           174736.30                    2184.20                0.00             4662.61
s666           174736.30                    2184.20                0.00             2584.71
s667           174736.30                    2184.20                0.00             3575.80
s668           174736.30                    2184.20                0.00             2896.09
s669           174736.30                    2184.20                0.00             3548.42
s670           174736.30                    2184.20                0.00             3501.09
s671           174736.30                    2184.20                0.00             4540.04
s672           174736.30                    2184.20                0.00             2857.78
s673           174736.30                    2184.20                0.00             4653.68
s674           174736.30                    2184.20                0.00             3767.87
s675           174736.30                    2184.20                0.00             2899.17
s676           174736.30                    2184.20                0.00             2742.07
s677           174736.30                    2184.20                0.00             4484.41
s678           174736.30                    2184.20                0.00             4083.43
s679           174736.30                    2184.20                0.00             2658.83
s680           174736.30                    2184.20                0.00             2573.67
s681           174736.30                    2184.20                0.00             4668.63
s682           174736.30                    2184.20                0.00             3964.22
s683           174736.30                    2184.20                0.00             3851.53
s684           163899.06                    2075.83              108.37             2075.83
s685           174736.30                    2184.20                0.00             5428.32
s686           174736.30                    2184.20                0.00             3390.30
s687           174736.30                    2184.20                0.00             5149.09
s688           174736.30                    2184.20                0.00             4067.76
s689           174736.30                    2184.20                0.00             3325.90
s690           174736.30                    2184.20                0.00             3829.42
s691           174736.30                    2184.20                0.00             4115.61
s692           174736.30                    2184.20                0.00             4347.75
s693            29882.04                     735.66             1448.54              735.66
s694           174736.30                    2184.20                0.00             3649.71
s695           174736.30                    2184.20                0.00             3040.11
s696            91675.15                    1353.59              830.61             1353.59
s697           174736.30                    2184.20                0.00             3651.63
s698           174736.30                    2184.20                0.00             3534.01
s699           174736.30                    2184.20                0.00             3010.33
s700           174736.30                    2184.20                0.00             4274.63
s701           154309.89                    1979.94              204.26             1979.94
s702            80689.01                    1243.73              940.47             1243.73
s703           174736.30                    2184.20                0.00             2247.65
s704           174736.30                    2184.20                0.00             3249.34
s705           174736.30                    2184.20                0.00             6014.80
s706           174736.30                    2184.20                0.00             2894.81
s707           174736.30                    2184.20                0.00             4027.67
s708           174736.30                    2184.20                0.00             3286.20
s709           174736.30                    2184.20                0.00             3765.58
s710           174736.30                    2184.20                0.00             3485.44
s711           174736.30                    2184.20                0.00             2551.11
s712           174736.30                    2184.20                0.00             2339.62
s713            71322.50                    1150.07             1034.14             1150.07
s714           174736.30                    2184.20                0.00             2841.79
s715           169409.99                    2130.94               53.26             2130.94
s716           174736.30                    2184.20                0.00             4778.89
s717           174736.30                    2184.20                0.00             2625.35
s718            25098.71                     687.83             1496.38              687.83
s719           174736.30                    2184.20                0.00             2291.86
s720           174736.30                    2184.20                0.00             2869.64
s721           174736.30                    2184.20                0.00             3937.43
s722           174736.30                    2184.20                0.00             3947.75
s723           174736.30                    2184.20                0.00             4839.66
s724           174736.30                    2184.20                0.00             2511.35
s725           142697.80                    1863.82              320.39             1863.82
s726           168083.91                    2117.68               66.52             2117.68
s727           149649.04                    1933.33              250.87             1933.33
s728           174736.30                    2184.20                0.00             3653.99
s729            19231.52                     629.16             1555.05              629.16
s730           174736.30                    2184.20                0.00             3251.25
s731           174736.30                    2184.20                0.00             4295.44
s732           174736.30                    2184.20                0.00             3259.96
s733           174736.30                    2184.20                0.00             4070.31
s734           174736.30                    2184.20                0.00             4456.71
s735           174736.30                    2184.20                0.00             2760.08
s736           174736.30                    2184.20                0.00             3740.01
s737           108404.96                    1520.89              663.31             1520.89
s738           174736.30                    2184.20                0.00             4058.69
s739           174736.30                    2184.20                0.00             3758.47
s740            39197.71                     828.82             1355.39              828.82
s741           174736.30                    2184.20                0.00             2372.54
s742           174736.30                    2184.20                0.00             3671.03
s743           174736.30                    2184.20                0.00             4454.55
s744           174736.30                    2184.20                0.00             2247.78
s745            36990.73                     806.75             1377.46              806.75
s746           174736.30                    2184.20                0.00             3108.67
s747           174736.30                    2184.20                0.00             2459.49
s748           174736.30                    2184.20                0.00             3132.43
s749            96325.34                    1400.09              784.11             1400.09
s750           174736.30                    2184.20                0.00             2964.93
s751           105454.05                    1491.38              692.82             1491.38
s752           174736.30                    2184.20                0.00             4327.13
s753           174736.30                    2184.20                0.00             3808.48
s754           174736.30                    2184.20                0.00             4308.15
s755           174736.30                    2184.20                0.00             2890.55
s756           174736.30                    2184.20                0.00             2695.71
s757           136019.51                    1797.04              387.17             1797.04
s758           174736.30                    2184.20                0.00             2829.02
s759           164955.40                    2086.39               97.81             2086.39
s760           174736.30                    2184.20                0.00             3025.54
s761           174736.30                    2184.20                0.00             2472.52
s762           -38143.87                      55.40             2128.80               55.40
s763           174736.30                    2184.20                0.00             3435.61
s764           174736.30                    2184.20                0.00             2815.84
s765           174736.30                    2184.20                0.00             3909.41
s766           174736.30                    2184.20                0.00             2770.51
s767           174736.30                    2184.20                0.00             3049.21
s768           174736.30                    2184.20                0.00             4192.51
s769           174736.30                    2184.20                0.00             3692.80
s770           174736.30                    2184.20                0.00             2568.23
s771           165181.46                    2088.66               95.55             2088.66
s772           174736.30                    2184.20                0.00             2515.88
s773           174736.30                    2184.20                0.00             3008.22
s774           133170.72                    1768.55              415.66             1768.55
s775           174736.30                    2184.20                0.00             4207.64
s776            46566.14                     902.50             1281.70              902.50
s777           174736.30                    2184.20                0.00             3276.20
s778           174736.30                    2184.20                0.00             3550.82
s779           174736.30                    2184.20                0.00             3212.75
s780           174736.30                    2184.20                0.00             2491.82
s781           174736.30                    2184.20                0.00             3637.04
s782           174736.30                    2184.20                0.00             4725.85
s783           174736.30                    2184.20                0.00             2537.93
s784           174736.30                    2184.20                0.00             4100.33
s785           174736.30                    2184.20                0.00             2323.70
s786           174736.30                    2184.20                0.00             4138.65
s787           174736.30                    2184.20                0.00             2920.68
s788           174736.30                    2184.20                0.00             4745.56
s789           174736.30                    2184.20                0.00             4852.44
s790           144695.97                    1883.80              300.40             1883.80
s791           174736.30                    2184.20                0.00             4321.98
s792           174736.30                    2184.20                0.00             2685.64
s793           174736.30                    2184.20                0.00             6035.53
s794           132231.10                    1759.15              425.05             1759.15
s795           147488.18                    1911.72              272.48             1911.72
s796           174736.30                    2184.20                0.00             3664.80
s797           139767.26                    1834.51              349.69             1834.51
s798           129569.82                    1732.54              451.66             1732.54
s799           174736.30                    2184.20                0.00             3369.87
s800           174736.30                    2184.20                0.00             2843.38
s801           174736.30                    2184.20                0.00             4641.19
s802           174736.30                    2184.20                0.00             5818.94
s803           135769.59                    1794.54              389.67             1794.54
s804           174736.30                    2184.20                0.00             3717.57
s805           174736.30                    2184.20                0.00             3264.00
s806           174736.30                    2184.20                0.00             3780.96
s807           174736.30                    2184.20                0.00             2614.04
s808           174736.30                    2184.20                0.00             2377.25
s809           174736.30                    2184.20                0.00             2629.22
s810            92213.29                    1358.97              825.23             1358.97
s811           174736.30                    2184.20                0.00             4518.49
s812           174736.30                    2184.20                0.00             2427.36
s813           174736.30                    2184.20                0.00             2402.35
s814           174736.30                    2184.20                0.00             4131.85
s815           174736.30                    2184.20                0.00             4064.17
s816           174736.30                    2184.20                0.00             3277.52
s817           174736.30                    2184.20                0.00             3299.79
s818           174736.30                    2184.20                0.00             4043.74
s819           174736.30                    2184.20                0.00             3970.90
s820           174736.30                    2184.20                0.00             4488.34
s821           174736.30                    2184.20                0.00             5108.29
s822           174736.30                    2184.20                0.00             2457.06
s823           174736.30                    2184.20                0.00             3334.86
s824           174736.30                    2184.20                0.00             3068.41
s825           174736.30                    2184.20                0.00             3674.90
s826           174736.30                    2184.20                0.00             2911.90
s827           174736.30                    2184.20                0.00             5314.43
s828           174736.30                    2184.20                0.00             2952.21
s829           174736.30                    2184.20                0.00             3773.81
s830           174736.30                    2184.20                0.00             4418.07
s831           174736.30                    2184.20                0.00             3362.92
s832           174736.30                    2184.20                0.00             3515.08
s833           174736.30                    2184.20                0.00             5286.51
s834           174736.30                    2184.20                0.00             6320.49
s835           174736.30                    2184.20                0.00             4355.46
s836           174736.30                    2184.20                0.00             3765.63
s837           168925.60                    2126.10               58.11             2126.10
s838           174736.30                    2184.20                0.00             4085.26
s839           141793.01                    1854.77              329.43             1854.77
s840           174736.30                    2184.20                0.00             3674.04
s841            71855.09                    1155.39             1028.81             1155.39
s842           174736.30                    2184.20                0.00             4315.15
s843           174299.43                    2179.84                4.37             2179.84
s844           174736.30                    2184.20                0.00             2800.45
s845           160110.50                    2037.95              146.26             2037.95
s846           174736.30                    2184.20                0.00             3089.17
s847           174736.30                    2184.20                0.00             4255.98
s848           174736.30                    2184.20                0.00             2504.26
s849           174736.30                    2184.20                0.00             2258.75
s850           168766.77                    2124.51               59.70             2124.51
s851           174736.30                    2184.20                0.00             3758.65
s852           172553.24                    2162.37               21.83             2162.37
s853           146874.83                    1905.59              278.61             1905.59
s854           174736.30                    2184.20                0.00             3953.91
s855           174736.30                    2184.20                0.00             4347.45
s856           174736.30                    2184.20                0.00             3421.93
s857           174736.30                    2184.20                0.00             2266.85
s858           174736.30                    2184.20                0.00             2723.90
s859           174736.30                    2184.20                0.00             3705.26
s860           174736.30                    2184.20                0.00             2823.65
s861           174736.30                    2184.20                0.00             2408.95
s862           174736.30                    2184.20                0.00             3337.97
s863           152653.93                    1963.38              220.82             1963.38
s864           174736.30                    2184.20                0.00             3432.50
s865           174736.30                    2184.20                0.00             5001.26
s866           174736.30                    2184.20                0.00             7977.10
s867           174736.30                    2184.20                0.00             2464.44
s868           174736.30                    2184.20                0.00             2885.15
s869           174736.30                    2184.20                0.00             2236.80
s870           174736.30                    2184.20                0.00             2382.92
s871           174736.30                    2184.20                0.00             2199.16
s872           174736.30                    2184.20                0.00             2198.89
s873           174736.30                    2184.20                0.00             3034.38
s874           174736.30                    2184.20                0.00             3577.90
s875           174736.30                    2184.20                0.00             4002.71
s876           174736.30                    2184.20                0.00             3001.38
s877           174736.30                    2184.20                0.00             4951.93
s878           174736.30                    2184.20                0.00             3797.28
s879            81425.56                    1251.10              933.11             1251.10
s880           174736.30                    2184.20                0.00             2538.06
s881           174736.30                    2184.20                0.00             3570.62
s882           174736.30                    2184.20                0.00             2551.66
s883            30339.90                     740.24             1443.96              740.24
s884           174736.30                    2184.20                0.00             4285.79
s885           134485.52                    1781.70              402.51             1781.70
s886           174736.30                    2184.20                0.00             4272.92
s887           174736.30                    2184.20                0.00             5247.82
s888           174736.30                    2184.20                0.00             4328.85
s889           174736.30                    2184.20                0.00             4683.40
s890           174736.30                    2184.20                0.00             3240.45
s891           174736.30                    2184.20                0.00             3837.92
s892           174736.30                    2184.20                0.00             4093.52
s893           167236.99                    2109.21               74.99             2109.21
s894           174736.30                    2184.20                0.00             2439.66
s895           128309.38                    1719.93              464.27             1719.93
s896           174736.30                    2184.20                0.00             2303.01
s897           174736.30                    2184.20                0.00             2826.62
s898           174736.30                    2184.20                0.00             3117.32
s899           174736.30                    2184.20                0.00             3368.19
s900           134376.10                    1780.60              403.60             1780.60
s901           170645.05                    2143.29               40.91             2143.29
s902           174736.30                    2184.20                0.00             2586.05
s903           174736.30                    2184.20                0.00             2470.83
s904           174736.30                    2184.20                0.00             3756.06
s905           151828.41                    1955.12              229.08             1955.12
s906           174736.30                    2184.20                0.00             5392.87
s907           174736.30                    2184.20                0.00             4079.70
s908           174736.30                    2184.20                0.00             3558.27
s909           174736.30                    2184.20                0.00             4381.37
s910           174736.30                    2184.20                0.00             3059.99
s911           174736.30                    2184.20                0.00             2399.68
s912           174736.30                    2184.20                0.00             4581.84
s913            34599.05                     782.83             1401.37              782.83
s914           174736.30                    2184.20                0.00             2762.02
s915           174736.30                    2184.20                0.00             3898.20
s916           174736.30                    2184.20                0.00             3460.04
s917           155526.98                    1992.11              192.09             1992.11
s918           154702.79                    1983.87              200.34             1983.87
s919           132128.22                    1758.12              426.08             1758.12
s920           174736.30                    2184.20                0.00             3162.90
s921           174736.30                    2184.20                0.00             2735.61
s922           109556.08                    1532.40              651.80             1532.40
s923            80842.46                    1245.27              938.94             1245.27
s924           174736.30                    2184.20                0.00             4490.77
s925            91500.73                    1351.85              832.36             1351.85
s926           174736.30                    2184.20                0.00             4043.23
s927           174736.30                    2184.20                0.00             2203.06
s928           174736.30                    2184.20                0.00             2439.97
s929           174736.30                    2184.20                0.00             2679.85
s930           174736.30                    2184.20                0.00             2946.47
s931           174736.30                    2184.20                0.00             4224.48
s932           174736.30                    2184.20                0.00             3178.47
s933           174736.30                    2184.20                0.00             2717.89
s934           120590.01                    1642.74              541.46             1642.74
s935           174736.30                    2184.20                0.00             4141.19
s936           174736.30                    2184.20                0.00             4604.39
s937           174736.30                    2184.20                0.00             4878.64
s938           174736.30                    2184.20                0.00             2398.14
s939             5399.02                     490.83             1693.37              490.83
s940           174736.30                    2184.20                0.00             2929.40
s941           174736.30                    2184.20                0.00             4826.24
s942           174736.30                    2184.20                0.00             3001.98
s943           174736.30                    2184.20                0.00             2221.25
s944           174736.30                    2184.20                0.00             2532.56
s945           174736.30                    2184.20                0.00             2206.24
s946           174736.30                    2184.20                0.00             3372.67
s947           174736.30                    2184.20                0.00             2289.71
s948           151418.61                    1951.03              233.18             1951.03
s949            48119.08                     918.03             1266.17              918.03
s950           174736.30                    2184.20                0.00             2743.97
s951           174736.30                    2184.20                0.00             3473.07
s952           174736.30                    2184.20                0.00             3642.63
s953           174736.30                    2184.20                0.00             2415.64
s954           174736.30                    2184.20                0.00             4806.45
s955           174736.30                    2184.20                0.00             4026.91
s956           174736.30                    2184.20                0.00             2191.89
s957           174736.30                    2184.20                0.00             2982.48
s958           174736.30                    2184.20                0.00             3249.37
s959           174736.30                    2184.20                0.00             2680.03
s960           174736.30                    2184.20                0.00             4830.69
s961           174736.30                    2184.20                0.00             3702.37
s962           174736.30                    2184.20                0.00             3393.58
s963           174736.30                    2184.20                0.00             3772.40
s964           174736.30                    2184.20                0.00             3069.58
s965           174736.30                    2184.20                0.00             4851.12
s966           174736.30                    2184.20                0.00             3986.17
s967           174736.30                    2184.20                0.00             3605.83
s968           174736.30                    2184.20                0.00             3650.21
s969           123387.56                    1670.72              513.49             1670.72
s970           174736.30                    2184.20                0.00             4612.46
s971            58090.51                    1017.75             1166.46             1017.75
s972           162302.67                    2059.87              124.34             2059.87
s973           174736.30                    2184.20                0.00             3590.05
s974           174736.30                    2184.20                0.00             3942.83
s975           174736.30                    2184.20                0.00             3810.33
s976           174736.30                    2184.20                0.00             4394.38
s977           174736.30                    2184.20                0.00             2345.34
s978           174736.30                    2184.20                0.00             3999.53
s979           135628.43                    1793.13              391.08             1793.13
s980           174736.30                    2184.20                0.00             3756.12
s981           174736.30                    2184.20                0.00             3606.26
s982           117583.45                    1612.68              571.53             1612.68
s983           174736.30                    2184.20                0.00             3544.87
s984           153935.25                    1976.19              208.01             1976.19
s985           174736.30                    2184.20                0.00             2646.93
s986           174736.30                    2184.20                0.00             3771.61
s987           174736.30                    2184.20                0.00             2526.00
s988           174736.30                    2184.20                0.00             6155.41
s989           174736.30                    2184.20                0.00             3874.54
s990           174736.30                    2184.20                0.00             2941.15
s991           157629.29                    2013.13              171.07             2013.13
s992           174736.30                    2184.20                0.00             5211.91
s993           168147.45                    2118.32               65.89             2118.32
s994           174736.30                    2184.20                0.00             3092.06
s995            46638.94                     903.23             1280.97              903.23
s996           134358.36                    1780.42              403.78             1780.42
s997           146275.02                    1899.59              284.61             1899.59
s998           174736.30                    2184.20                0.00             2394.19
s999           174736.30                    2184.20                0.00             2505.30
s1000          174736.30                    2184.20                0.00             2825.04
