Orders             Exp_profit          Exp_sales           Exp_lost_sales      Exp_leftover        Stockout_prob

     4048.97          217987.18             2989.67              108.96             1059.30                0.20



Scenario           Profit              Sales               Leftover_inv        demand
s1             237845.70                    3188.25              860.72             3188.25
s2             302906.72                    3838.86              210.11             3838.86
s3              74288.53                    1552.68             2496.29             1552.68
s4             235314.75                    3162.94              886.03             3162.94
s5              79605.73                    1605.85             2443.12             1605.85
s6             167103.58                    2480.83             1568.14             2480.83
s7             275411.81                    3563.91              485.06             3563.91
s8             109740.92                    1907.20             2141.76             1907.20
s9             316500.76                    3974.80               74.17             3974.80
s10            -80979.34                       0.00             4048.97                0.00
s11            190564.38                    2715.44             1333.53             2715.44
s12            120758.79                    2017.38             2031.59             2017.38
s13            185244.75                    2662.24             1386.73             2662.24
s14            323917.35                    4048.97                0.00             4485.04
s15            197806.27                    2787.86             1261.11             2787.86
s16            165746.26                    2467.26             1581.71             2467.26
s17            323917.35                    4048.97                0.00             4192.53
s18            206020.57                    2870.00             1178.97             2870.00
s19            187979.73                    2689.59             1359.38             2689.59
s20            171661.73                    2526.41             1522.56             2526.41
s21            323917.35                    4048.97                0.00             4091.27
s22            249785.82                    3307.65              741.32             3307.65
s23            323917.35                    4048.97                0.00             4714.17
s24             55707.31                    1366.87             2682.10             1366.87
s25            323917.35                    4048.97                0.00             4182.56
s26            -76213.95                      47.65             4001.31               47.65
s27            305705.69                    3866.85              182.12             3866.85
s28            323917.35                    4048.97                0.00             4048.97
s29            323917.35                    4048.97                0.00             4090.59
s30            323917.35                    4048.97                0.00             4408.84
s31            251871.84                    3328.51              720.46             3328.51
s32            249201.77                    3301.81              747.16             3301.81
s33            306468.46                    3874.48              174.49             3874.48
s34            309763.45                    3907.43              141.54             3907.43
s35            215263.07                    2962.42             1086.54             2962.42
s36            233150.89                    3141.30              907.66             3141.30
s37            283831.50                    3648.11              400.86             3648.11
s38            287130.82                    3681.10              367.87             3681.10
s39            323917.35                    4048.97                0.00             5003.22
s40            256863.21                    3378.43              670.54             3378.43
s41            323917.35                    4048.97                0.00             5107.10
s42            105823.46                    1868.03             2180.94             1868.03
s43            192648.49                    2736.28             1312.69             2736.28
s44            -59372.95                     216.06             3832.90              216.06
s45            204549.68                    2855.29             1193.68             2855.29
s46             80348.44                    1613.28             2435.69             1613.28
s47            109408.76                    1903.88             2145.09             1903.88
s48            233916.48                    3148.96              900.01             3148.96
s49            323917.35                    4048.97                0.00             4403.85
s50            315475.41                    3964.55               84.42             3964.55
s51            211619.85                    2925.99             1122.98             2925.99
s52            323917.35                    4048.97                0.00             4750.87
s53            107859.88                    1888.39             2160.57             1888.39
s54            164977.84                    2459.57             1589.40             2459.57
s55            180747.49                    2617.27             1431.70             2617.27
s56            147826.45                    2288.06             1760.91             2288.06
s57            277530.53                    3585.10              463.87             3585.10
s58            323917.35                    4048.97                0.00             4368.33
s59            323917.35                    4048.97                0.00             4971.11
s60             61819.76                    1427.99             2620.98             1427.99
s61            323917.35                    4048.97                0.00             4248.76
s62            323917.35                    4048.97                0.00             4121.00
s63            113753.15                    1947.32             2101.64             1947.32
s64             91059.37                    1720.39             2328.58             1720.39
s65            323917.35                    4048.97                0.00             4508.10
s66            193546.93                    2745.26             1303.70             2745.26
s67            159102.51                    2400.82             1648.15             2400.82
s68            239214.04                    3201.93              847.03             3201.93
s69            156914.39                    2378.94             1670.03             2378.94
s70            168152.55                    2491.32             1557.65             2491.32
s71            174151.80                    2551.31             1497.66             2551.31
s72            178347.17                    2593.27             1455.70             2593.27
s73            323917.35                    4048.97                0.00             7010.74
s74            314665.88                    3956.45               92.51             3956.45
s75             96104.41                    1770.84             2278.13             1770.84
s76            306117.78                    3870.97              178.00             3870.97
s77             25886.81                    1068.66             2980.31             1068.66
s78            293626.46                    3746.06              302.91             3746.06
s79            323917.35                    4048.97                0.00             4210.24
s80            308119.20                    3890.99              157.98             3890.99
s81             49608.11                    1305.87             2743.09             1305.87
s82            268848.11                    3498.27              550.69             3498.27
s83            238806.49                    3197.86              851.11             3197.86
s84            120033.31                    2010.13             2038.84             2010.13
s85            141245.45                    2222.25             1826.72             2222.25
s86            175875.75                    2568.55             1480.42             2568.55
s87            289921.92                    3709.01              339.95             3709.01
s88            284545.40                    3655.25              393.72             3655.25
s89            263877.39                    3448.57              600.40             3448.57
s90             98772.66                    1797.52             2251.45             1797.52
s91            323917.35                    4048.97                0.00             4424.47
s92            323917.35                    4048.97                0.00             4349.05
s93            161639.98                    2426.19             1622.77             2426.19
s94            294639.47                    3756.19              292.78             3756.19
s95            213056.31                    2940.36             1108.61             2940.36
s96            195633.51                    2766.13             1282.84             2766.13
s97            314709.10                    3956.88               92.08             3956.88
s98            166591.12                    2475.70             1573.26             2475.70
s99            215710.20                    2966.90             1082.07             2966.90
s100            71212.49                    1521.92             2527.05             1521.92
s101           323917.35                    4048.97                0.00             4327.76
s102           245132.23                    3261.12              787.85             3261.12
s103           105012.74                    1859.92             2189.05             1859.92
s104            78935.56                    1599.15             2449.82             1599.15
s105           314968.11                    3959.47               89.49             3959.47
s106           262469.36                    3434.49              614.48             3434.49
s107           169105.57                    2500.85             1548.12             2500.85
s108            52129.81                    1331.09             2717.88             1331.09
s109           134326.45                    2153.06             1895.91             2153.06
s110           323917.35                    4048.97                0.00             4339.83
s111           323917.35                    4048.97                0.00             5598.15
s112           170606.23                    2515.86             1533.11             2515.86
s113           -44241.60                     367.38             3681.59              367.38
s114           229014.40                    3099.94              949.03             3099.94
s115           323917.35                    4048.97                0.00             4296.38
s116           247133.90                    3281.13              767.83             3281.13
s117           165150.61                    2461.30             1587.67             2461.30
s118           220936.21                    3019.16             1029.81             3019.16
s119           228701.25                    3096.81              952.16             3096.81
s120           300907.49                    3818.87              230.10             3818.87
s121           195051.67                    2760.31             1288.66             2760.31
s122           309621.08                    3906.00              142.96             3906.00
s123            76478.84                    1574.58             2474.39             1574.58
s124           235716.51                    3166.96              882.01             3166.96
s125            10310.49                     912.90             3136.07              912.90
s126           108371.29                    1893.51             2155.46             1893.51
s127           313153.75                    3941.33              107.64             3941.33
s128           240209.08                    3211.88              837.08             3211.88
s129           106169.34                    1871.49             2177.48             1871.49
s130           -41968.08                     390.11             3658.85              390.11
s131           290975.15                    3719.54              329.42             3719.54
s132           254323.41                    3353.03              695.94             3353.03
s133           248074.85                    3290.54              758.43             3290.54
s134           323917.35                    4048.97                0.00             4304.49
s135           170922.82                    2519.02             1529.95             2519.02
s136           227076.25                    3080.56              968.41             3080.56
s137           323917.35                    4048.97                0.00             4784.99
s138           229863.27                    3108.43              940.54             3108.43
s139           323917.35                    4048.97                0.00             4328.83
s140           166245.51                    2472.25             1576.72             2472.25
s141           316680.92                    3976.60               72.36             3976.60
s142           288820.34                    3698.00              350.97             3698.00
s143           323917.35                    4048.97                0.00             4542.86
s144            -4617.82                     763.62             3285.35              763.62
s145            37515.90                    1184.95             2864.01             1184.95
s146           188989.58                    2699.69             1349.28             2699.69
s147           281655.18                    3626.35              422.62             3626.35
s148           323917.35                    4048.97                0.00             4781.35
s149           323917.35                    4048.97                0.00             4151.54
s150           301810.32                    3827.90              221.07             3827.90
s151           201966.64                    2829.46             1219.51             2829.46
s152            75561.15                    1565.40             2483.56             1565.40
s153            93248.94                    1742.28             2306.68             1742.28
s154           323917.35                    4048.97                0.00             4234.46
s155           151175.45                    2321.55             1727.42             2321.55
s156           156580.54                    2375.60             1673.37             2375.60
s157           276962.46                    3579.42              469.55             3579.42
s158           210952.10                    2919.31             1129.65             2919.31
s159           196193.75                    2771.73             1277.24             2771.73
s160           294076.85                    3750.56              298.41             3750.56
s161           323917.35                    4048.97                0.00             4494.94
s162           178089.86                    2590.69             1458.27             2590.69
s163           106149.91                    1871.29             2177.67             1871.29
s164           323917.35                    4048.97                0.00             4090.04
s165           215976.93                    2969.56             1079.40             2969.56
s166           237599.25                    3185.79              863.18             3185.79
s167           267010.13                    3479.89              569.07             3479.89
s168           142962.67                    2239.42             1809.55             2239.42
s169           293948.46                    3749.28              299.69             3749.28
s170           139585.63                    2205.65             1843.32             2205.65
s171           227257.08                    3082.36              966.60             3082.36
s172            99020.29                    1800.00             2248.97             1800.00
s173           323917.35                    4048.97                0.00             4267.36
s174           323917.35                    4048.97                0.00             6307.64
s175           323917.35                    4048.97                0.00             4548.85
s176           163364.03                    2443.43             1605.53             2443.43
s177           314817.28                    3957.97               91.00             3957.97
s178           268356.87                    3493.36              555.60             3493.36
s179           215138.85                    2961.18             1087.79             2961.18
s180           292742.27                    3737.22              311.75             3737.22
s181           323917.35                    4048.97                0.00             4514.19
s182           254309.27                    3352.89              696.08             3352.89
s183           276413.81                    3573.93              475.04             3573.93
s184           323917.35                    4048.97                0.00             5024.76
s185           218847.66                    2998.27             1050.70             2998.27
s186           292254.46                    3732.34              316.63             3732.34
s187           -66575.44                     144.04             3904.93              144.04
s188           323917.35                    4048.97                0.00             5122.31
s189           188168.78                    2691.48             1357.49             2691.48
s190           221641.55                    3026.21             1022.76             3026.21
s191           287895.26                    3688.75              360.22             3688.75
s192           246425.32                    3274.05              774.92             3274.05
s193           270052.07                    3510.31              538.65             3510.31
s194            52534.82                    1335.14             2713.83             1335.14
s195           283534.72                    3645.14              403.83             3645.14
s196           198787.38                    2797.67             1251.30             2797.67
s197           242536.61                    3235.16              813.81             3235.16
s198           237191.49                    3181.71              867.26             3181.71
s199           323274.24                    4042.54                6.43             4042.54
s200            72254.74                    1532.34             2516.63             1532.34
