Orders             Exp_profit          Exp_sales           Exp_lost_sales      Exp_leftover        Stockout_prob       CVaR

     4090.59          219833.87             3016.46              120.72             1074.13                0.20           219833.87



Scenario           Profit              Sales               Leftover_inv        demand
s1             237013.27                    3188.25              902.34             3188.25
s2             302074.29                    3838.86              251.73             3838.86
s3              73456.10                    1552.68             2537.91             1552.68
s4             234482.32                    3162.94              927.65             3162.94
s5              78773.31                    1605.85             2484.74             1605.85
s6             166271.15                    2480.83             1609.76             2480.83
s7             274579.38                    3563.91              526.68             3563.91
s8             108908.50                    1907.20             2183.39             1907.20
s9             315668.34                    3974.80              115.79             3974.80
s10            -81811.77                       0.00             4090.59                0.00
s11            189731.95                    2715.44             1375.15             2715.44
s12            119926.36                    2017.38             2073.21             2017.38
s13            184412.33                    2662.24             1428.35             2662.24
s14            327247.07                    4090.59                0.00             4485.04
s15            196973.84                    2787.86             1302.73             2787.86
s16            164913.84                    2467.26             1623.33             2467.26
s17            327247.07                    4090.59                0.00             4192.53
s18            205188.14                    2870.00             1220.59             2870.00
s19            187147.30                    2689.59             1401.00             2689.59
s20            170829.30                    2526.41             1564.18             2526.41
s21            327247.07                    4090.59                0.00             4091.27
s22            248953.40                    3307.65              782.94             3307.65
s23            327247.07                    4090.59                0.00             4714.17
s24             54874.88                    1366.87             2723.72             1366.87
s25            327247.07                    4090.59                0.00             4182.56
s26            -77046.37                      47.65             4042.93               47.65
s27            304873.26                    3866.85              223.74             3866.85
s28            323084.93                    4048.97               41.62             4048.97
s29            327247.07                    4090.59                0.00             4090.59
s30            327247.07                    4090.59                0.00             4408.84
s31            251039.41                    3328.51              762.08             3328.51
s32            248369.35                    3301.81              788.78             3301.81
s33            305636.03                    3874.48              216.11             3874.48
s34            308931.02                    3907.43              183.16             3907.43
s35            214430.65                    2962.42             1128.16             2962.42
s36            232318.46                    3141.30              949.29             3141.30
s37            282999.07                    3648.11              442.48             3648.11
s38            286298.40                    3681.10              409.49             3681.10
s39            327247.07                    4090.59                0.00             5003.22
s40            256030.78                    3378.43              712.16             3378.43
s41            327247.07                    4090.59                0.00             5107.10
s42            104991.03                    1868.03             2222.56             1868.03
s43            191816.06                    2736.28             1354.31             2736.28
s44            -60205.38                     216.06             3874.52              216.06
s45            203717.25                    2855.29             1235.30             2855.29
s46             79516.01                    1613.28             2477.31             1613.28
s47            108576.33                    1903.88             2186.71             1903.88
s48            233084.06                    3148.96              941.63             3148.96
s49            327247.07                    4090.59                0.00             4403.85
s50            314642.98                    3964.55              126.04             3964.55
s51            210787.42                    2925.99             1164.60             2925.99
s52            327247.07                    4090.59                0.00             4750.87
s53            107027.45                    1888.39             2202.20             1888.39
s54            164145.41                    2459.57             1631.02             2459.57
s55            179915.07                    2617.27             1473.32             2617.27
s56            146994.02                    2288.06             1802.53             2288.06
s57            276698.11                    3585.10              505.49             3585.10
s58            327247.07                    4090.59                0.00             4368.33
s59            327247.07                    4090.59                0.00             4971.11
s60             60987.33                    1427.99             2662.60             1427.99
s61            327247.07                    4090.59                0.00             4248.76
s62            327247.07                    4090.59                0.00             4121.00
s63            112920.72                    1947.32             2143.26             1947.32
s64             90226.94                    1720.39             2370.20             1720.39
s65            327247.07                    4090.59                0.00             4508.10
s66            192714.50                    2745.26             1345.33             2745.26
s67            158270.08                    2400.82             1689.77             2400.82
s68            238381.62                    3201.93              888.65             3201.93
s69            156081.97                    2378.94             1711.65             2378.94
s70            167320.12                    2491.32             1599.27             2491.32
s71            173319.37                    2551.31             1539.28             2551.31
s72            177514.74                    2593.27             1497.32             2593.27
s73            327247.07                    4090.59                0.00             7010.74
s74            313833.45                    3956.45              134.14             3956.45
s75             95271.98                    1770.84             2319.75             1770.84
s76            305285.35                    3870.97              219.62             3870.97
s77             25054.38                    1068.66             3021.93             1068.66
s78            292794.04                    3746.06              344.53             3746.06
s79            327247.07                    4090.59                0.00             4210.24
s80            307286.77                    3890.99              199.60             3890.99
s81             48775.69                    1305.87             2784.71             1305.87
s82            268015.68                    3498.27              592.31             3498.27
s83            237974.07                    3197.86              892.73             3197.86
s84            119200.88                    2010.13             2080.46             2010.13
s85            140413.02                    2222.25             1868.34             2222.25
s86            175043.33                    2568.55             1522.04             2568.55
s87            289089.49                    3709.01              381.58             3709.01
s88            283712.98                    3655.25              435.34             3655.25
s89            263044.97                    3448.57              642.02             3448.57
s90             97940.23                    1797.52             2293.07             1797.52
s91            327247.07                    4090.59                0.00             4424.47
s92            327247.07                    4090.59                0.00             4349.05
s93            160807.55                    2426.19             1664.40             2426.19
s94            293807.04                    3756.19              334.40             3756.19
s95            212223.88                    2940.36             1150.23             2940.36
s96            194801.08                    2766.13             1324.46             2766.13
s97            313876.67                    3956.88              133.70             3956.88
s98            165758.70                    2475.70             1614.88             2475.70
s99            214877.77                    2966.90             1123.69             2966.90
s100            70380.06                    1521.92             2568.67             1521.92
s101           327247.07                    4090.59                0.00             4327.76
s102           244299.80                    3261.12              829.47             3261.12
s103           104180.31                    1859.92             2230.67             1859.92
s104            78103.13                    1599.15             2491.44             1599.15
s105           314135.68                    3959.47              131.11             3959.47
s106           261636.93                    3434.49              656.10             3434.49
s107           168273.14                    2500.85             1589.74             2500.85
s108            51297.38                    1331.09             2759.50             1331.09
s109           133494.02                    2153.06             1937.53             2153.06
s110           327247.07                    4090.59                0.00             4339.83
s111           327247.07                    4090.59                0.00             5598.15
s112           169773.80                    2515.86             1574.73             2515.86
s113           -45074.03                     367.38             3723.21              367.38
s114           228181.97                    3099.94              990.65             3099.94
s115           327247.07                    4090.59                0.00             4296.38
s116           246301.47                    3281.13              809.46             3281.13
s117           164318.18                    2461.30             1629.29             2461.30
s118           220103.78                    3019.16             1071.43             3019.16
s119           227868.82                    3096.81              993.78             3096.81
s120           300075.06                    3818.87              271.72             3818.87
s121           194219.24                    2760.31             1330.28             2760.31
s122           308788.65                    3906.00              184.58             3906.00
s123            75646.42                    1574.58             2516.01             1574.58
s124           234884.08                    3166.96              923.63             3166.96
s125             9478.06                     912.90             3177.69              912.90
s126           107538.86                    1893.51             2197.08             1893.51
s127           312321.32                    3941.33              149.26             3941.33
s128           239376.65                    3211.88              878.70             3211.88
s129           105336.91                    1871.49             2219.10             1871.49
s130           -42800.51                     390.11             3700.48              390.11
s131           290142.73                    3719.54              371.04             3719.54
s132           253490.98                    3353.03              737.56             3353.03
s133           247242.42                    3290.54              800.05             3290.54
s134           327247.07                    4090.59                0.00             4304.49
s135           170090.39                    2519.02             1571.57             2519.02
s136           226243.83                    3080.56             1010.03             3080.56
s137           327247.07                    4090.59                0.00             4784.99
s138           229030.85                    3108.43              982.16             3108.43
s139           327247.07                    4090.59                0.00             4328.83
s140           165413.08                    2472.25             1618.34             2472.25
s141           315848.49                    3976.60              113.99             3976.60
s142           287987.91                    3698.00              392.59             3698.00
s143           327247.07                    4090.59                0.00             4542.86
s144            -5450.25                     763.62             3326.97              763.62
s145            36683.47                    1184.95             2905.64             1184.95
s146           188157.15                    2699.69             1390.90             2699.69
s147           280822.75                    3626.35              464.24             3626.35
s148           327247.07                    4090.59                0.00             4781.35
s149           327247.07                    4090.59                0.00             4151.54
s150           300977.89                    3827.90              262.69             3827.90
s151           201134.22                    2829.46             1261.13             2829.46
s152            74728.72                    1565.40             2525.18             1565.40
s153            92416.51                    1742.28             2348.31             1742.28
s154           327247.07                    4090.59                0.00             4234.46
s155           150343.02                    2321.55             1769.04             2321.55
s156           155748.11                    2375.60             1714.99             2375.60
s157           276130.03                    3579.42              511.17             3579.42
s158           210119.67                    2919.31             1171.27             2919.31
s159           195361.32                    2771.73             1318.86             2771.73
s160           293244.42                    3750.56              340.03             3750.56
s161           327247.07                    4090.59                0.00             4494.94
s162           177257.43                    2590.69             1499.90             2590.69
s163           105317.49                    1871.29             2219.30             1871.29
s164           327192.55                    4090.04                0.55             4090.04
s165           215144.50                    2969.56             1121.03             2969.56
s166           236766.83                    3185.79              904.80             3185.79
s167           266177.70                    3479.89              610.69             3479.89
s168           142130.24                    2239.42             1851.17             2239.42
s169           293116.03                    3749.28              341.31             3749.28
s170           138753.20                    2205.65             1884.94             2205.65
s171           226424.65                    3082.36             1008.22             3082.36
s172            98187.86                    1800.00             2290.59             1800.00
s173           327247.07                    4090.59                0.00             4267.36
s174           327247.07                    4090.59                0.00             6307.64
s175           327247.07                    4090.59                0.00             4548.85
s176           162531.60                    2443.43             1647.15             2443.43
s177           313984.85                    3957.97              132.62             3957.97
s178           267524.45                    3493.36              597.23             3493.36
s179           214306.42                    2961.18             1129.41             2961.18
s180           291909.84                    3737.22              353.37             3737.22
s181           327247.07                    4090.59                0.00             4514.19
s182           253476.84                    3352.89              737.70             3352.89
s183           275581.38                    3573.93              516.66             3573.93
s184           327247.07                    4090.59                0.00             5024.76
s185           218015.24                    2998.27             1092.32             2998.27
s186           291422.03                    3732.34              358.25             3732.34
s187           -67407.87                     144.04             3946.55              144.04
s188           327247.07                    4090.59                0.00             5122.31
s189           187336.35                    2691.48             1399.11             2691.48
s190           220809.12                    3026.21             1064.38             3026.21
s191           287062.83                    3688.75              401.84             3688.75
s192           245592.89                    3274.05              816.54             3274.05
s193           269219.64                    3510.31              580.27             3510.31
s194            51702.40                    1335.14             2755.45             1335.14
s195           282702.29                    3645.14              445.45             3645.14
s196           197954.95                    2797.67             1292.92             2797.67
s197           241704.18                    3235.16              855.43             3235.16
s198           236359.06                    3181.71              908.88             3181.71
s199           322441.82                    4042.54               48.05             4042.54
s200            71422.31                    1532.34             2558.25             1532.34
s201           175728.31                    2575.40             1515.19             2575.40
s202           294673.72                    3764.85              325.73             3764.85
s203           194177.08                    2759.89             1330.70             2759.89
s204           221123.63                    3029.35             1061.23             3029.35
s205           247530.48                    3293.42              797.17             3293.42
s206           325344.73                    4071.56               19.02             4071.56
s207           327247.07                    4090.59                0.00             4144.28
s208           169476.82                    2512.89             1577.70             2512.89
s209           321101.28                    4029.13               61.46             4029.13
s210           173219.29                    2550.31             1540.28             2550.31
s211           179759.43                    2615.71             1474.88             2615.71
s212           183573.54                    2653.85             1436.74             2653.85
s213           210986.99                    2927.99             1162.60             2927.99
s214           163295.66                    2451.07             1639.51             2451.07
s215           327247.07                    4090.59                0.00             4275.19
s216           327247.07                    4090.59                0.00             4567.11
s217           327247.07                    4090.59                0.00             4616.65
s218           137997.02                    2198.09             1892.50             2198.09
s219           310412.20                    3922.24              168.35             3922.24
s220           327247.07                    4090.59                0.00             4843.11
s221           150505.25                    2323.17             1767.42             2323.17
s222           170491.37                    2523.03             1567.56             2523.03
s223           196808.84                    2786.21             1304.38             2786.21
s224           226075.71                    3078.87             1011.71             3078.87
s225           327247.07                    4090.59                0.00             4501.35
s226           281086.22                    3628.98              461.61             3628.98
s227           150597.81                    2324.10             1766.49             2324.10
s228           129206.83                    2110.19             1980.40             2110.19
s229           229634.34                    3114.46              976.13             3114.46
s230           327247.07                    4090.59                0.00             4367.70
s231           120463.72                    2022.75             2067.83             2022.75
s232           239001.64                    3208.13              882.45             3208.13
s233           255846.77                    3376.59              714.00             3376.59
s234           260454.73                    3422.66              667.92             3422.66
s235           227477.72                    3092.89              997.69             3092.89
s236           133862.90                    2156.75             1933.84             2156.75
s237            69207.63                    1510.19             2580.39             1510.19
s238           189654.83                    2714.67             1375.92             2714.67
s239           237816.05                    3196.28              894.31             3196.28
s240           178933.35                    2607.45             1483.14             2607.45
s241           121473.75                    2032.86             2057.73             2032.86
s242           291614.45                    3734.26              356.33             3734.26
s243           254948.78                    3367.61              722.98             3367.61
s244           298388.69                    3802.00              288.58             3802.00
s245           193247.61                    2750.59             1339.99             2750.59
s246           209971.36                    2917.83             1172.76             2917.83
s247           234678.48                    3164.90              925.69             3164.90
s248           292548.30                    3743.60              346.99             3743.60
s249           137399.45                    2192.11             1898.48             2192.11
s250           241037.89                    3228.50              862.09             3228.50
s251           231918.86                    3137.31              953.28             3137.31
s252           115673.36                    1974.85             2115.74             1974.85
s253           235940.25                    3177.52              913.07             3177.52
s254           214060.05                    2958.72             1131.87             2958.72
s255           297984.95                    3797.97              292.62             3797.97
s256           144189.10                    2260.01             1830.58             2260.01
s257           198175.36                    2799.87             1290.72             2799.87
s258           134918.91                    2167.31             1923.28             2167.31
s259           302851.00                    3846.63              243.96             3846.63
s260           327247.07                    4090.59                0.00             4091.40
s261           294875.00                    3766.87              323.72             3766.87
s262           161056.10                    2428.68             1661.91             2428.68
s263           327247.07                    4090.59                0.00             4661.93
s264           173038.06                    2548.50             1542.09             2548.50
s265           297361.89                    3791.74              298.85             3791.74
s266           153953.02                    2357.65             1732.94             2357.65
s267           229730.27                    3115.42              975.17             3115.42
s268           146964.29                    2287.76             1802.83             2287.76
s269           203257.29                    2850.69             1239.90             2850.69
s270           140817.08                    2226.29             1864.30             2226.29
s271            95103.50                    1769.15             2321.44             1769.15
s272           154660.82                    2364.73             1725.86             2364.73
s273           262247.02                    3440.59              650.00             3440.59
s274            92478.76                    1742.91             2347.68             1742.91
s275           304252.65                    3860.64              229.94             3860.64
s276           255100.53                    3369.12              721.47             3369.12
s277           193736.88                    2755.49             1335.10             2755.49
s278           139480.45                    2212.92             1877.67             2212.92
s279           327247.07                    4090.59                0.00             4132.07
s280           327247.07                    4090.59                0.00             4502.04
s281           161229.55                    2430.41             1660.18             2430.41
s282            53322.66                    1351.34             2739.24             1351.34
s283           143705.92                    2255.18             1835.41             2255.18
s284           327247.07                    4090.59                0.00             4902.12
s285           293780.93                    3755.93              334.66             3755.93
s286           300751.14                    3825.63              264.96             3825.63
s287           231789.46                    3136.01              954.58             3136.01
s288           118309.25                    2001.21             2089.38             2001.21
s289           185344.93                    2671.57             1419.02             2671.57
s290           321849.41                    4036.61               53.98             4036.61
s291           125914.35                    2077.26             2013.33             2077.26
s292           298129.81                    3799.42              291.17             3799.42
s293           327247.07                    4090.59                0.00             4098.48
s294           276383.94                    3581.96              508.63             3581.96
s295           -46173.78                     356.38             3734.21              356.38
s296           136608.61                    2184.20             1906.38             2184.20
s297           327247.07                    4090.59                0.00             4192.43
s298           282416.00                    3642.28              448.31             3642.28
s299           303927.74                    3857.40              233.19             3857.40
s300           217328.44                    2991.40             1099.19             2991.40
s301           327247.07                    4090.59                0.00             4327.46
s302           272979.36                    3547.91              542.68             3547.91
s303           136288.29                    2181.00             1909.59             2181.00
s304           327247.07                    4090.59                0.00             4400.82
s305           134182.84                    2159.95             1930.64             2159.95
s306           246955.07                    3287.67              802.92             3287.67
s307            -1438.79                     803.73             3286.86              803.73
s308           165121.17                    2469.33             1621.26             2469.33
s309            36782.89                    1185.95             2904.64             1185.95
s310           327247.07                    4090.59                0.00             4643.70
s311           269791.25                    3516.03              574.56             3516.03
s312           109139.01                    1909.51             2181.08             1909.51
s313           184637.01                    2664.49             1426.10             2664.49
s314           327247.07                    4090.59                0.00             4877.15
s315           233950.64                    3157.62              932.96             3157.62
s316           115328.31                    1971.40             2119.19             1971.40
s317            61093.93                    1429.06             2661.53             1429.06
s318           289425.14                    3712.37              378.22             3712.37
s319           201476.49                    2832.88             1257.71             2832.88
s320           127931.94                    2097.44             1993.15             2097.44
s321           317035.65                    3988.47              102.11             3988.47
s322           284340.78                    3661.53              429.06             3661.53
s323           319377.68                    4011.89               78.69             4011.89
s324           324086.05                    4058.98               31.61             4058.98
s325           254732.11                    3365.44              725.15             3365.44
s326           242017.07                    3238.29              852.30             3238.29
s327            27205.97                    1090.18             3000.41             1090.18
s328           100119.18                    1819.31             2271.28             1819.31
s329           299597.17                    3814.09              276.50             3814.09
s330           155755.08                    2375.67             1714.92             2375.67
s331           327247.07                    4090.59                0.00             5231.73
s332           327247.07                    4090.59                0.00             4741.49
s333           319578.61                    4013.90               76.68             4013.90
s334           119162.27                    2009.74             2080.85             2009.74
s335           162885.09                    2446.97             1643.62             2446.97
s336           280778.74                    3625.91              464.68             3625.91
s337           318061.47                    3998.73               91.86             3998.73
s338           327247.07                    4090.59                0.00             4242.66
s339           245090.01                    3269.02              821.57             3269.02
s340           327247.07                    4090.59                0.00             4716.48
s341           293278.19                    3750.90              339.69             3750.90
s342           249138.89                    3309.51              781.08             3309.51
s343           131551.45                    2133.63             1956.96             2133.63
s344            66809.01                    1486.21             2604.38             1486.21
s345           249305.97                    3311.18              779.41             3311.18
s346           271749.60                    3535.61              554.97             3535.61
s347           299488.04                    3813.00              277.59             3813.00
s348           180120.51                    2619.32             1471.27             2619.32
s349           122841.68                    2046.53             2044.05             2046.53
s350           203466.28                    2852.78             1237.81             2852.78
s351           236135.32                    3179.47              911.12             3179.47
s352           178337.81                    2601.50             1489.09             2601.50
s353            69164.85                    1509.77             2580.82             1509.77
s354           300552.13                    3823.64              266.95             3823.64
s355           275362.39                    3571.74              518.85             3571.74
s356           305727.05                    3875.39              215.20             3875.39
s357           327247.07                    4090.59                0.00             4280.25
s358           203392.60                    2852.04             1238.54             2852.04
s359           327247.07                    4090.59                0.00             4265.23
s360              709.50                     825.21             3265.38              825.21
s361            55725.60                    1375.37             2715.21             1375.37
s362           327247.07                    4090.59                0.00             4491.66
s363           159520.58                    2413.32             1677.26             2413.32
s364           111554.67                    1933.66             2156.92             1933.66
s365           282394.20                    3642.06              448.53             3642.06
s366           192076.89                    2738.89             1351.70             2738.89
s367           213691.32                    2955.03             1135.56             2955.03
s368           202432.38                    2842.44             1248.15             2842.44
s369           244720.77                    3265.33              825.26             3265.33
s370           264794.73                    3466.06              624.52             3466.06
s371           223850.42                    3056.62             1033.97             3056.62
s372           268698.50                    3505.10              585.49             3505.10
s373           287379.53                    3691.91              398.68             3691.91
s374           179671.68                    2614.83             1475.75             2614.83
s375           159075.80                    2408.88             1681.71             2408.88
s376           327247.07                    4090.59                0.00             4552.70
s377           302892.69                    3847.04              243.54             3847.04
s378           220383.51                    3021.95             1068.64             3021.95
s379           178247.84                    2600.60             1489.99             2600.60
s380           177992.07                    2598.04             1492.55             2598.04
s381            79746.93                    1615.59             2475.00             1615.59
s382           327247.07                    4090.59                0.00             4346.74
s383           130304.92                    2121.17             1969.42             2121.17
s384           327247.07                    4090.59                0.00             4960.92
s385           263917.11                    3457.29              633.30             3457.29
s386           162404.20                    2442.16             1648.43             2442.16
s387           249602.92                    3314.15              776.44             3314.15
s388           327247.07                    4090.59                0.00             4276.88
s389           261426.55                    3432.38              658.21             3432.38
s390           327247.07                    4090.59                0.00             4652.09
s391           229295.20                    3111.07              979.52             3111.07
s392           233592.71                    3154.04              936.54             3154.04
s393            49900.79                    1317.13             2773.46             1317.13
s394           131835.41                    2136.47             1954.12             2136.47
s395           265636.97                    3474.49              616.10             3474.49
s396           120707.77                    2025.20             2065.39             2025.20
s397           255901.70                    3377.13              713.45             3377.13
s398           327247.07                    4090.59                0.00             4474.91
s399           148838.64                    2306.50             1784.08             2306.50
s400           128084.27                    2098.96             1991.63             2098.96
s401           327247.07                    4090.59                0.00             4365.52
s402           292292.17                    3741.04              349.55             3741.04
s403           183026.71                    2648.38             1442.20             2648.38
s404           327247.07                    4090.59                0.00             4094.50
s405           116790.33                    1986.02             2104.57             1986.02
s406           278817.75                    3606.30              484.29             3606.30
s407           254863.74                    3366.76              723.83             3366.76
s408           122774.97                    2045.87             2044.72             2045.87
s409           181450.46                    2632.62             1457.97             2632.62
s410           203090.83                    2849.03             1241.56             2849.03
s411           167667.16                    2494.79             1595.80             2494.79
s412            -7508.18                     743.04             3347.55              743.04
s413           230208.73                    3120.20              970.38             3120.20
s414           264279.45                    3460.91              629.68             3460.91
s415           305076.06                    3868.88              221.71             3868.88
s416           282143.77                    3639.56              451.03             3639.56
s417           255743.85                    3375.56              715.03             3375.56
s418           282061.09                    3638.73              451.86             3638.73
s419           327247.07                    4090.59                0.00             4999.04
s420            -8094.54                     737.17             3353.42              737.17
s421           194268.60                    2760.80             1329.78             2760.80
s422            84442.81                    1662.55             2428.04             1662.55
s423           265128.83                    3469.41              621.18             3469.41
s424           294636.34                    3764.48              326.11             3764.48
s425           220291.14                    3021.03             1069.56             3021.03
s426           147368.14                    2291.80             1798.79             2291.80
s427            97064.71                    1788.76             2301.82             1788.76
s428           181166.92                    2629.79             1460.80             2629.79
s429           327247.07                    4090.59                0.00             4474.03
s430           202063.67                    2838.75             1251.83             2838.75
s431           135961.23                    2177.73             1912.86             2177.73
s432           189027.94                    2708.40             1382.19             2708.40
s433            81571.18                    1633.83             2456.76             1633.83
s434           299121.23                    3809.33              281.26             3809.33
s435            32170.88                    1139.83             2950.76             1139.83
s436           194935.31                    2767.47             1323.12             2767.47
s437           227538.69                    3093.50              997.08             3093.50
s438           327247.07                    4090.59                0.00             4122.92
s439           212685.30                    2944.97             1145.62             2944.97
s440           114919.37                    1967.31             2123.28             1967.31
s441           -26740.36                     550.71             3539.87              550.71
s442           125365.95                    2071.78             2018.81             2071.78
s443           284094.54                    3659.06              431.53             3659.06
s444           302956.61                    3847.68              242.90             3847.68
s445           269032.63                    3508.44              582.14             3508.44
s446           272954.81                    3547.67              542.92             3547.67
s447           105187.02                    1869.99             2220.60             1869.99
s448           327247.07                    4090.59                0.00             4516.27
s449           327247.07                    4090.59                0.00             5292.89
s450           327247.07                    4090.59                0.00             4436.69
s451           190461.73                    2722.73             1367.85             2722.73
s452           107455.24                    1892.67             2197.92             1892.67
s453           315964.51                    3977.76              112.83             3977.76
s454           327247.07                    4090.59                0.00             5742.93
s455           327247.07                    4090.59                0.00             4437.46
s456            98291.60                    1801.03             2289.55             1801.03
s457           183487.27                    2652.99             1437.60             2652.99
s458           143414.63                    2252.26             1838.32             2252.26
s459            66194.77                    1480.07             2610.52             1480.07
s460           212759.43                    2945.71             1144.88             2945.71
s461           327247.07                    4090.59                0.00             4208.20
s462           116118.50                    1979.30             2111.29             1979.30
s463           327247.07                    4090.59                0.00             4166.14
s464           295662.41                    3774.74              315.85             3774.74
s465            64182.49                    1459.94             2630.65             1459.94
s466           234008.09                    3158.20              932.39             3158.20
s467            87139.02                    1689.51             2401.08             1689.51
s468           -65156.65                     166.55             3924.04              166.55
s469           -81811.77                       0.00             4090.59                0.00
s470           327247.07                    4090.59                0.00             4851.84
s471           316194.65                    3980.06              110.52             3980.06
s472           193937.26                    2757.49             1333.10             2757.49
s473           199010.29                    2808.22             1282.37             2808.22
s474            95732.96                    1775.45             2315.14             1775.45
s475           199725.57                    2815.37             1275.21             2815.37
s476           327247.07                    4090.59                0.00             5157.40
s477            31760.77                    1135.73             2954.86             1135.73
s478           308657.97                    3904.70              185.89             3904.70
s479           206434.92                    2882.47             1208.12             2882.47
s480           327247.07                    4090.59                0.00             4877.46
s481           115740.26                    1975.52             2115.07             1975.52
s482           144687.90                    2265.00             1825.59             2265.00
s483           314999.55                    3968.11              122.48             3968.11
s484           327247.07                    4090.59                0.00             5149.28
s485            -4083.86                     777.28             3313.31              777.28
s486            13994.10                     958.06             3132.53              958.06
s487           327247.07                    4090.59                0.00             4284.70
s488           250913.03                    3327.25              763.34             3327.25
s489           327247.07                    4090.59                0.00             5573.77
s490           327247.07                    4090.59                0.00             4540.77
s491           298443.71                    3802.55              288.03             3802.55
s492           231719.98                    3135.32              955.27             3135.32
s493           244598.46                    3264.10              826.49             3264.10
s494           130584.62                    2123.96             1966.62             2123.96
s495           205837.58                    2876.49             1214.09             2876.49
s496            95260.98                    1770.73             2319.86             1770.73
s497           224088.78                    3059.01             1031.58             3059.01
s498           206868.69                    2886.80             1203.78             2886.80
s499           224013.58                    3058.25             1032.33             3058.25
s500           327247.07                    4090.59                0.00             5004.41
s501           242562.08                    3243.74              846.85             3243.74
s502           295865.25                    3776.77              313.82             3776.77
s503            77610.62                    1594.22             2496.36             1594.22
s504           123021.13                    2048.33             2042.26             2048.33
s505           260057.37                    3418.69              671.90             3418.69
s506           204456.14                    2862.68             1227.91             2862.68
s507           327247.07                    4090.59                0.00             5600.52
s508           327247.07                    4090.59                0.00             4239.73
s509            67837.64                    1496.49             2594.09             1496.49
s510           131945.05                    2137.57             1953.02             2137.57
s511           149504.86                    2313.17             1777.42             2313.17
s512           -81811.77                       0.00             4090.59                0.00
s513           327247.07                    4090.59                0.00             4519.56
s514           109550.61                    1913.62             2176.96             1913.62
s515            94074.03                    1758.86             2331.73             1758.86
s516           260235.30                    3420.47              670.12             3420.47
s517           175033.59                    2568.45             1522.13             2568.45
s518           184536.19                    2663.48             1427.11             2663.48
s519           324136.42                    4059.48               31.11             4059.48
s520           327247.07                    4090.59                0.00             4541.30
s521           176116.61                    2579.28             1511.30             2579.28
s522           268962.42                    3507.74              582.85             3507.74
s523           136050.71                    2178.62             1911.96             2178.62
s524           165530.32                    2473.42             1617.17             2473.42
s525           327247.07                    4090.59                0.00             5093.49
s526           327247.07                    4090.59                0.00             4286.58
s527           327247.07                    4090.59                0.00             4157.60
s528            65630.40                    1474.42             2616.17             1474.42
s529           201421.40                    2832.33             1258.26             2832.33
s530           327247.07                    4090.59                0.00             4563.53
s531           327247.07                    4090.59                0.00             4719.79
s532           326752.41                    4085.64                4.95             4085.64
s533           268358.81                    3501.71              588.88             3501.71
s534           298171.54                    3799.83              290.76             3799.83
s535            96739.40                    1785.51             2305.08             1785.51
s536           327247.07                    4090.59                0.00             4811.28
s537           -72221.39                      95.90             3994.68               95.90
s538           327247.07                    4090.59                0.00             4215.52
s539           275341.86                    3571.54              519.05             3571.54
s540           327247.07                    4090.59                0.00             7522.15
s541           160074.86                    2418.87             1671.72             2418.87
s542           180906.22                    2627.18             1463.41             2627.18
s543           126545.66                    2083.57             2007.01             2083.57
s544           204964.25                    2867.76             1222.83             2867.76
s545           327247.07                    4090.59                0.00             5482.97
s546           327247.07                    4090.59                0.00             5798.91
s547           267273.06                    3490.85              599.74             3490.85
s548           169958.92                    2517.71             1572.88             2517.71
s549           168100.31                    2499.12             1591.47             2499.12
s550           236641.07                    3184.53              906.06             3184.53
s551           209074.32                    2908.86             1181.73             2908.86
s552           327247.07                    4090.59                0.00             4173.97
s553           267451.82                    3492.64              597.95             3492.64
s554           269521.34                    3513.33              577.26             3513.33
s555           153063.29                    2348.75             1741.84             2348.75
s556           233618.20                    3154.30              936.29             3154.30
s557           209804.87                    2916.17             1174.42             2916.17
s558           327247.07                    4090.59                0.00             4101.17
s559           175235.37                    2570.47             1520.12             2570.47
s560           259326.77                    3411.39              679.20             3411.39
s561           100006.26                    1818.18             2272.41             1818.18
s562           192797.42                    2746.09             1344.50             2746.09
s563           308361.12                    3901.73              188.86             3901.73
s564           327247.07                    4090.59                0.00             5689.53
s565            97759.92                    1795.72             2294.87             1795.72
s566           308699.37                    3905.11              185.48             3905.11
s567           239095.43                    3209.07              881.52             3209.07
s568           244433.10                    3262.45              828.14             3262.45
s569           292610.01                    3744.22              346.37             3744.22
s570           185126.80                    2669.39             1421.20             2669.39
s571           227491.67                    3093.03              997.55             3093.03
s572           256507.19                    3383.19              707.40             3383.19
s573            75243.55                    1570.55             2520.04             1570.55
s574           174330.93                    2561.43             1529.16             2561.43
s575           144101.40                    2259.13             1831.46             2259.13
s576           293215.70                    3750.27              340.31             3750.27
s577           195246.76                    2770.59             1320.00             2770.59
s578           327247.07                    4090.59                0.00             4654.49
s579           327247.07                    4090.59                0.00             4768.81
s580           327247.07                    4090.59                0.00             4351.39
s581            81386.69                    1631.98             2458.60             1631.98
s582           214870.03                    2966.82             1123.77             2966.82
s583           327247.07                    4090.59                0.00             5124.28
s584           327247.07                    4090.59                0.00             4248.87
s585           226796.65                    3086.08             1004.50             3086.08
s586           327247.07                    4090.59                0.00             7593.80
s587           265354.15                    3471.66              618.93             3471.66
s588           327247.07                    4090.59                0.00             4924.71
s589           185708.22                    2675.20             1415.39             2675.20
s590            41173.53                    1229.85             2860.74             1229.85
s591           154914.19                    2367.26             1723.33             2367.26
s592           145957.69                    2277.69             1812.89             2277.69
s593           124957.66                    2067.69             2022.89             2067.69
s594           144558.85                    2263.71             1826.88             2263.71
s595           314504.02                    3963.16              127.43             3963.16
s596           327247.07                    4090.59                0.00             5070.30
s597           327247.07                    4090.59                0.00             4209.78
s598           259398.88                    3412.11              678.48             3412.11
s599           327247.07                    4090.59                0.00             4584.96
s600           182428.24                    2642.40             1448.19             2642.40
s601           -31393.57                     504.18             3586.41              504.18
s602           279347.91                    3611.60              478.99             3611.60
s603           221761.83                    3035.74             1054.85             3035.74
s604           189253.48                    2710.65             1379.94             2710.65
s605           327247.07                    4090.59                0.00             4724.58
s606            94052.42                    1758.64             2331.95             1758.64
s607           248003.73                    3298.15              792.43             3298.15
s608           192367.46                    2741.79             1348.80             2741.79
s609           327247.07                    4090.59                0.00             4303.92
s610           327247.07                    4090.59                0.00             4109.20
s611           133627.99                    2154.40             1936.19             2154.40
s612           182120.84                    2639.33             1451.26             2639.33
s613           319540.12                    4013.52               77.07             4013.52
s614           327247.07                    4090.59                0.00             4473.59
s615           327247.07                    4090.59                0.00             4371.24
s616           235985.69                    3177.97              912.61             3177.97
s617           327247.07                    4090.59                0.00             4257.30
s618           258834.19                    3406.46              684.13             3406.46
s619           327247.07                    4090.59                0.00             4453.38
s620           309749.48                    3915.61              174.98             3915.61
s621           327247.07                    4090.59                0.00             4992.72
s622           195578.62                    2773.90             1316.68             2773.90
s623           176599.81                    2584.12             1506.47             2584.12
s624           327247.07                    4090.59                0.00             4588.58
s625           327247.07                    4090.59                0.00             4264.39
s626           292101.17                    3739.13              351.46             3739.13
s627           199006.84                    2808.19             1282.40             2808.19
s628           243822.73                    3256.34              834.24             3256.34
s629           254835.65                    3366.47              724.11             3366.47
s630           296618.56                    3784.30              306.29             3784.30
s631           327247.07                    4090.59                0.00             4524.95
s632           327247.07                    4090.59                0.00             4458.47
s633            98235.68                    1800.47             2290.11             1800.47
s634           327247.07                    4090.59                0.00             5114.79
s635           213267.11                    2950.79             1139.80             2950.79
s636           119908.60                    2017.20             2073.38             2017.20
s637           164793.22                    2466.05             1624.54             2466.05
s638           210527.67                    2923.39             1167.19             2923.39
s639           151935.08                    2337.47             1753.12             2337.47
s640           327247.07                    4090.59                0.00             4123.54
s641           192136.26                    2739.48             1351.11             2739.48
s642           252191.42                    3340.03              750.56             3340.03
s643           327247.07                    4090.59                0.00             6148.19
s644           184664.76                    2664.77             1425.82             2664.77
s645           223526.19                    3053.38             1037.21             3053.38
s646           327247.07                    4090.59                0.00             4276.87
s647           327247.07                    4090.59                0.00             4848.35
s648           241574.99                    3233.87              856.72             3233.87
s649           219316.91                    3011.29             1079.30             3011.29
s650           128556.76                    2103.69             1986.90             2103.69
s651           294297.80                    3761.10              329.49             3761.10
s652           243664.87                    3254.77              835.82             3254.77
s653           327247.07                    4090.59                0.00             4348.52
s654           172274.66                    2540.86             1549.72             2540.86
s655           215715.86                    2975.28             1115.31             2975.28
s656           169173.34                    2509.85             1580.74             2509.85
s657           187873.50                    2696.85             1393.74             2696.85
s658           234079.76                    3158.92              931.67             3158.92
s659           106688.57                    1885.00             2205.59             1885.00
s660           185910.09                    2677.22             1413.37             2677.22
s661           173537.39                    2553.49             1537.10             2553.49
s662           281194.21                    3630.06              460.53             3630.06
s663            57172.98                    1389.85             2700.74             1389.85
s664           327247.07                    4090.59                0.00             4542.15
s665           327247.07                    4090.59                0.00             4662.61
s666           176659.67                    2584.71             1505.87             2584.71
s667           275768.30                    3575.80              514.79             3575.80
s668           207796.97                    2896.09             1194.50             2896.09
s669           273030.10                    3548.42              542.17             3548.42
s670           268297.67                    3501.09              589.49             3501.09
s671           327247.07                    4090.59                0.00             4540.04
s672           203966.12                    2857.78             1232.81             2857.78
s673           327247.07                    4090.59                0.00             4653.68
s674           294975.38                    3767.87              322.72             3767.87
s675           208104.93                    2899.17             1191.42             2899.17
s676           192394.83                    2742.07             1348.52             2742.07
s677           327247.07                    4090.59                0.00             4484.41
s678           326530.76                    4083.43                7.16             4083.43
s679           184071.23                    2658.83             1431.76             2658.83
s680           175555.69                    2573.67             1516.91             2573.67
s681           327247.07                    4090.59                0.00             4668.63
s682           314610.03                    3964.22              126.37             3964.22
s683           303341.54                    3851.53              239.06             3851.53
s684           125771.37                    2075.83             2014.76             2075.83
s685           327247.07                    4090.59                0.00             5428.32
s686           257218.09                    3390.30              700.29             3390.30
s687           327247.07                    4090.59                0.00             5149.09
s688           324964.51                    4067.76               22.83             4067.76
s689           250778.31                    3325.90              764.69             3325.90
s690           301130.59                    3829.42              261.16             3829.42
s691           327247.07                    4090.59                0.00             4115.61
s692           327247.07                    4090.59                0.00             4347.75
s693            -8245.65                     735.66             3354.93              735.66
s694           283159.60                    3649.71              440.87             3649.71
s695           222199.47                    3040.11             1050.48             3040.11
s696            53547.46                    1353.59             2737.00             1353.59
s697           283350.74                    3651.63              438.96             3651.63
s698           271589.21                    3534.01              556.58             3534.01
s699           219221.54                    3010.33             1080.26             3010.33
s700           327247.07                    4090.59                0.00             4274.63
s701           116182.20                    1979.94             2110.65             1979.94
s702            42561.32                    1243.73             2846.86             1243.73
s703           142953.00                    2247.65             1842.94             2247.65
s704           243121.85                    3249.34              841.25             3249.34
s705           327247.07                    4090.59                0.00             6014.80
s706           207668.88                    2894.81             1195.78             2894.81
s707           320955.47                    4027.67               62.92             4027.67
s708           246808.06                    3286.20              804.39             3286.20
s709           294746.02                    3765.58              325.01             3765.58
s710           266731.98                    3485.44              605.15             3485.44
s711           173299.65                    2551.11             1539.47             2551.11
s712           152150.61                    2339.62             1750.96             2339.62
s713            33194.81                    1150.07             2940.52             1150.07
s714           202367.04                    2841.79             1248.80             2841.79
s715           131282.29                    2130.94             1959.65             2130.94
s716           327247.07                    4090.59                0.00             4778.89
s717           180723.30                    2625.35             1465.24             2625.35
s718           -13028.98                     687.83             3402.76              687.83
s719           147374.56                    2291.86             1798.73             2291.86
s720           205151.84                    2869.64             1220.95             2869.64
s721           311931.12                    3937.43              153.16             3937.43
s722           312962.99                    3947.75              142.84             3947.75
s723           327247.07                    4090.59                0.00             4839.66
s724           169323.43                    2511.35             1579.24             2511.35
s725           104570.11                    1863.82             2226.77             1863.82
s726           129956.22                    2117.68             1972.91             2117.68
s727           111521.35                    1933.33             2157.26             1933.33
s728           283587.47                    3653.99              436.60             3653.99
s729           -18896.17                     629.16             3461.43              629.16
s730           243313.73                    3251.25              839.33             3251.25
s731           327247.07                    4090.59                0.00             4295.44
s732           244184.62                    3259.96              830.62             3259.96
s733           325219.10                    4070.31               20.28             4070.31
s734           327247.07                    4090.59                0.00             4456.71
s735           194195.96                    2760.08             1330.51             2760.08
s736           292188.94                    3740.01              350.58             3740.01
s737            70277.27                    1520.89             2569.70             1520.89
s738           324056.95                    4058.69               31.90             4058.69
s739           294035.73                    3758.47              332.11             3758.47
s740             1070.02                     828.82             3261.77              828.82
s741           155442.28                    2372.54             1718.05             2372.54
s742           285291.56                    3671.03              419.56             3671.03
s743           327247.07                    4090.59                0.00             4454.55
s744           142966.41                    2247.78             1842.81             2247.78
s745            -1136.96                     806.75             3283.84              806.75
s746           229055.68                    3108.67              981.91             3108.67
s747           164136.91                    2459.49             1631.10             2459.49
s748           231430.95                    3132.43              958.16             3132.43
s749            58197.65                    1400.09             2690.49             1400.09
s750           214681.00                    2964.93             1125.66             2964.93
s751            67326.36                    1491.38             2599.21             1491.38
s752           327247.07                    4090.59                0.00             4327.13
s753           299035.92                    3808.48              282.11             3808.48
s754           327247.07                    4090.59                0.00             4308.15
s755           207243.38                    2890.55             1200.04             2890.55
s756           187759.17                    2695.71             1394.88             2695.71
s757            97891.82                    1797.04             2293.55             1797.04
s758           201089.87                    2829.02             1261.57             2829.02
s759           126827.71                    2086.39             2004.19             2086.39
s760           220742.31                    3025.54             1065.05             3025.54
s761           165439.97                    2472.52             1618.07             2472.52
s762           -76271.56                      55.40             4035.19               55.40
s763           261748.80                    3435.61              654.98             3435.61
s764           199772.72                    2815.84             1274.74             2815.84
s765           309129.48                    3909.41              181.18             3909.41
s766           195239.09                    2770.51             1320.08             2770.51
s767           223109.10                    3049.21             1041.38             3049.21
s768           327247.07                    4090.59                0.00             4192.51
s769           287468.63                    3692.80              397.78             3692.80
s770           175010.92                    2568.23             1522.36             2568.23
s771           127053.77                    2088.66             2001.93             2088.66
s772           169776.08                    2515.88             1574.71             2515.88
s773           219010.52                    3008.22             1082.37             3008.22
s774            95043.03                    1768.55             2322.04             1768.55
s775           327247.07                    4090.59                0.00             4207.64
s776             8438.45                     902.50             3188.09              902.50
s777           245808.21                    3276.20              814.39             3276.20
s778           273270.58                    3550.82              539.76             3550.82
s779           239463.54                    3212.75              877.84             3212.75
s780           167370.36                    2491.82             1598.77             2491.82
s781           281892.02                    3637.04              453.55             3637.04
s782           327247.07                    4090.59                0.00             4725.85
s783           171981.55                    2537.93             1552.66             2537.93
s784           327247.07                    4090.59                0.00             4100.33
s785           150558.47                    2323.70             1766.89             2323.70
s786           327247.07                    4090.59                0.00             4138.65
s787           210255.73                    2920.68             1169.91             2920.68
s788           327247.07                    4090.59                0.00             4745.56
s789           327247.07                    4090.59                0.00             4852.44
s790           106568.28                    1883.80             2206.79             1883.80
s791           327247.07                    4090.59                0.00             4321.98
s792           186751.95                    2685.64             1404.95             2685.64
s793           327247.07                    4090.59                0.00             6035.53
s794            94103.41                    1759.15             2331.44             1759.15
s795           109360.49                    1911.72             2178.87             1911.72
s796           284668.44                    3664.80              425.79             3664.80
s797           101639.56                    1834.51             2256.08             1834.51
s798            91442.12                    1732.54             2358.05             1732.54
s799           255175.30                    3369.87              720.72             3369.87
s800           202526.58                    2843.38             1247.20             2843.38
s801           327247.07                    4090.59                0.00             4641.19
s802           327247.07                    4090.59                0.00             5818.94
s803            97641.90                    1794.54             2296.05             1794.54
s804           289944.83                    3717.57              373.02             3717.57
s805           244588.14                    3264.00              826.59             3264.00
s806           296284.70                    3780.96              309.62             3780.96
s807           179592.18                    2614.04             1476.55             2614.04
s808           155913.56                    2377.25             1713.34             2377.25
s809           181109.79                    2629.22             1461.37             2629.22
s810            54085.60                    1358.97             2731.61             1358.97
s811           327247.07                    4090.59                0.00             4518.49
s812           160923.99                    2427.36             1663.23             2427.36
s813           158423.16                    2402.35             1688.24             2402.35
s814           327247.07                    4090.59                0.00             4131.85
s815           324605.05                    4064.17               26.42             4064.17
s816           245940.49                    3277.52              813.07             3277.52
s817           248167.41                    3299.79              790.80             3299.79
s818           322562.67                    4043.74               46.84             4043.74
s819           315278.34                    3970.90              119.69             3970.90
s820           327247.07                    4090.59                0.00             4488.34
s821           327247.07                    4090.59                0.00             5108.29
s822           163893.74                    2457.06             1633.53             2457.06
s823           251674.25                    3334.86              755.73             3334.86
s824           225029.72                    3068.41             1022.17             3068.41
s825           285678.34                    3674.90              415.69             3674.90
s826           209377.91                    2911.90             1178.69             2911.90
s827           327247.07                    4090.59                0.00             5314.43
s828           213408.99                    2952.21             1138.38             2952.21
s829           295569.24                    3773.81              316.78             3773.81
s830           327247.07                    4090.59                0.00             4418.07
s831           254480.60                    3362.92              727.66             3362.92
s832           269696.46                    3515.08              575.51             3515.08
s833           327247.07                    4090.59                0.00             5286.51
s834           327247.07                    4090.59                0.00             6320.49
s835           327247.07                    4090.59                0.00             4355.46
s836           294751.62                    3765.63              324.95             3765.63
s837           130797.91                    2126.10             1964.49             2126.10
s838           326714.15                    4085.26                5.33             4085.26
s839           103665.32                    1854.77             2235.82             1854.77
s840           285592.46                    3674.04              416.55             3674.04
s841            33727.40                    1155.39             2935.20             1155.39
s842           327247.07                    4090.59                0.00             4315.15
s843           136171.74                    2179.84             1910.75             2179.84
s844           198233.38                    2800.45             1290.14             2800.45
s845           121982.81                    2037.95             2052.64             2037.95
s846           227105.65                    3089.17             1001.41             3089.17
s847           327247.07                    4090.59                0.00             4255.98
s848           168614.21                    2504.26             1586.33             2504.26
s849           144063.61                    2258.75             1831.83             2258.75
s850           130639.08                    2124.51             1966.08             2124.51
s851           294053.55                    3758.65              331.94             3758.65
s852           134425.54                    2162.37             1928.22             2162.37
s853           108747.14                    1905.59             2185.00             1905.59
s854           313579.64                    3953.91              136.67             3953.91
s855           327247.07                    4090.59                0.00             4347.45
s856           260381.41                    3421.93              668.66             3421.93
s857           144873.15                    2266.85             1823.74             2266.85
s858           190578.41                    2723.90             1366.69             2723.90
s859           288713.74                    3705.26              385.33             3705.26
s860           200553.55                    2823.65             1266.94             2823.65
s861           159083.70                    2408.95             1681.63             2408.95
s862           251985.17                    3337.97              752.62             3337.97
s863           114526.24                    1963.38             2127.21             1963.38
s864           261438.26                    3432.50              658.09             3432.50
s865           327247.07                    4090.59                0.00             5001.26
s866           327247.07                    4090.59                0.00             7977.10
s867           164632.08                    2464.44             1626.15             2464.44
s868           206702.93                    2885.15             1205.44             2885.15
s869           141868.22                    2236.80             1853.79             2236.80
s870           156480.05                    2382.92             1707.67             2382.92
s871           138104.07                    2199.16             1891.43             2199.16
s872           138077.50                    2198.89             1891.70             2198.89
s873           221626.04                    3034.38             1056.21             3034.38
s874           275977.97                    3577.90              512.69             3577.90
s875           318459.52                    4002.71               87.88             4002.71
s876           218326.68                    3001.38             1089.20             3001.38
s877           327247.07                    4090.59                0.00             4951.93
s878           297916.60                    3797.28              293.30             3797.28
s879            43297.87                    1251.10             2839.49             1251.10
s880           171994.55                    2538.06             1552.53             2538.06
s881           275250.46                    3570.62              519.97             3570.62
s882           173354.31                    2551.66             1538.93             2551.66
s883            -7787.79                     740.24             3350.35              740.24
s884           327247.07                    4090.59                0.00             4285.79
s885            96357.83                    1781.70             2308.89             1781.70
s886           327247.07                    4090.59                0.00             4272.92
s887           327247.07                    4090.59                0.00             5247.82
s888           327247.07                    4090.59                0.00             4328.85
s889           327247.07                    4090.59                0.00             4683.40
s890           242233.08                    3240.45              850.14             3240.45
s891           301979.77                    3837.92              252.67             3837.92
s892           327247.07                    4090.59                0.00             4093.52
s893           129109.30                    2109.21             1981.38             2109.21
s894           162153.79                    2439.66             1650.93             2439.66
s895            90181.69                    1719.93             2370.65             1719.93
s896           148489.02                    2303.01             1787.58             2303.01
s897           200850.23                    2826.62             1263.97             2826.62
s898           229920.49                    3117.32              973.27             3117.32
s899           255006.96                    3368.19              722.40             3368.19
s900            96248.41                    1780.60             2309.99             1780.60
s901           132517.36                    2143.29             1947.30             2143.29
s902           176792.92                    2586.05             1504.54             2586.05
s903           165271.17                    2470.83             1619.76             2470.83
s904           293794.11                    3756.06              334.53             3756.06
s905           113700.72                    1955.12             2135.46             1955.12
s906           327247.07                    4090.59                0.00             5392.87
s907           326158.27                    4079.70               10.89             4079.70
s908           274014.94                    3558.27              532.32             3558.27
s909           327247.07                    4090.59                0.00             4381.37
s910           224187.28                    3059.99             1030.60             3059.99
s911           158156.17                    2399.68             1690.91             2399.68
s912           327247.07                    4090.59                0.00             4581.84
s913            -3528.64                     782.83             3307.76              782.83
s914           194390.53                    2762.02             1328.57             2762.02
s915           308007.90                    3898.20              192.39             3898.20
s916           264192.08                    3460.04              630.55             3460.04
s917           117399.29                    1992.11             2098.48             1992.11
s918           116575.10                    1983.87             2106.72             1983.87
s919            94000.53                    1758.12             2332.47             1758.12
s920           234478.53                    3162.90              927.69             3162.90
s921           191749.20                    2735.61             1354.98             2735.61
s922            71428.39                    1532.40             2558.19             1532.40
s923            42714.77                    1245.27             2845.32             1245.27
s924           327247.07                    4090.59                0.00             4490.77
s925            53373.04                    1351.85             2738.74             1351.85
s926           322511.16                    4043.23               47.36             4043.23
s927           138494.20                    2203.06             1887.53             2203.06
s928           162185.48                    2439.97             1650.62             2439.97
s929           186173.60                    2679.85             1410.73             2679.85
s930           212835.72                    2946.47             1144.11             2946.47
s931           327247.07                    4090.59                0.00             4224.48
s932           236035.49                    3178.47              912.12             3178.47
s933           189977.08                    2717.89             1372.70             2717.89
s934            82462.32                    1642.74             2447.85             1642.74
s935           327247.07                    4090.59                0.00             4141.19
s936           327247.07                    4090.59                0.00             4604.39
s937           327247.07                    4090.59                0.00             4878.64
s938           158002.43                    2398.14             1692.45             2398.14
s939           -32728.67                     490.83             3599.76              490.83
s940           211128.47                    2929.40             1161.19             2929.40
s941           327247.07                    4090.59                0.00             4826.24
s942           218386.11                    3001.98             1088.61             3001.98
s943           140313.64                    2221.25             1869.33             2221.25
s944           171443.95                    2532.56             1558.03             2532.56
s945           138812.45                    2206.24             1884.35             2206.24
s946           255455.54                    3372.67              717.92             3372.67
s947           147158.83                    2289.71             1800.88             2289.71
s948           113290.92                    1951.03             2139.56             1951.03
s949             9991.39                     918.03             3172.56              918.03
s950           192585.26                    2743.97             1346.62             2743.97
s951           265495.49                    3473.07              617.52             3473.07
s952           282451.02                    3642.63              447.96             3642.63
s953           159751.95                    2415.64             1674.95             2415.64
s954           327247.07                    4090.59                0.00             4806.45
s955           320879.12                    4026.91               63.68             4026.91
s956           137377.30                    2191.89             1898.70             2191.89
s957           216436.56                    2982.48             1108.11             2982.48
s958           243125.21                    3249.37              841.22             3249.37
s959           186191.63                    2680.03             1410.55             2680.03
s960           327247.07                    4090.59                0.00             4830.69
s961           288425.25                    3702.37              388.22             3702.37
s962           257546.00                    3393.58              697.01             3393.58
s963           295427.87                    3772.40              318.19             3772.40
s964           225145.97                    3069.58             1021.01             3069.58
s965           327247.07                    4090.59                0.00             4851.12
s966           316805.14                    3986.17              104.42             3986.17
s967           278771.32                    3605.83              484.76             3605.83
s968           283208.79                    3650.21              440.38             3650.21
s969            85259.87                    1670.72             2419.87             1670.72
s970           327247.07                    4090.59                0.00             4612.46
s971            19962.82                    1017.75             3072.84             1017.75
s972           124174.98                    2059.87             2030.72             2059.87
s973           277193.61                    3590.05              500.53             3590.05
s974           312471.59                    3942.83              147.75             3942.83
s975           299221.05                    3810.33              280.26             3810.33
s976           327247.07                    4090.59                0.00             4394.38
s977           152722.57                    2345.34             1745.24             2345.34
s978           318140.91                    3999.53               91.06             3999.53
s979            97500.74                    1793.13             2297.46             1793.13
s980           293799.74                    3756.12              334.47             3756.12
s981           278814.43                    3606.26              484.33             3606.26
s982            79455.76                    1612.68             2477.91             1612.68
s983           272675.25                    3544.87              545.72             3544.87
s984           115807.55                    1976.19             2114.40             1976.19
s985           182881.60                    2646.93             1443.65             2646.93
s986           295349.32                    3771.61              318.98             3771.61
s987           170788.31                    2526.00             1564.59             2526.00
s988           327247.07                    4090.59                0.00             6155.41
s989           305642.26                    3874.54              216.05             3874.54
s990           212303.41                    2941.15             1149.44             2941.15
s991           119501.60                    2013.13             2077.45             2013.13
s992           327247.07                    4090.59                0.00             5211.91
s993           130019.76                    2118.32             1972.27             2118.32
s994           227394.71                    3092.06              998.52             3092.06
s995             8511.25                     903.23             3187.36              903.23
s996            96230.67                    1780.42             2310.16             1780.42
s997           108147.33                    1899.59             2191.00             1899.59
s998           157606.98                    2394.19             1696.40             2394.19
s999           168718.49                    2505.30             1585.29             2505.30
s1000          200692.30                    2825.04             1265.55             2825.04
