Orders             Exp_profit          Exp_sales           Exp_lost_sales      Exp_leftover        Stockout_prob       CVaR

     1612.68          124385.13             1566.39             1570.79               46.29                0.92            82725.06



Scenario           Profit              Sales               Leftover_inv        demand
s1             129014.02                    1612.68                0.00             3188.25
s2             129014.02                    1612.68                0.00             3838.86
s3             123014.36                    1552.68               60.00             1552.68
s4             129014.02                    1612.68                0.00             3162.94
s5             128331.57                    1605.85                6.82             1605.85
s6             129014.02                    1612.68                0.00             2480.83
s7             129014.02                    1612.68                0.00             3563.91
s8             129014.02                    1612.68                0.00             1907.20
s9             129014.02                    1612.68                0.00             3974.80
s10            -32253.51                       0.00             1612.68                0.00
s11            129014.02                    1612.68                0.00             2715.44
s12            129014.02                    1612.68                0.00             2017.38
s13            129014.02                    1612.68                0.00             2662.24
s14            129014.02                    1612.68                0.00             4485.04
s15            129014.02                    1612.68                0.00             2787.86
s16            129014.02                    1612.68                0.00             2467.26
s17            129014.02                    1612.68                0.00             4192.53
s18            129014.02                    1612.68                0.00             2870.00
s19            129014.02                    1612.68                0.00             2689.59
s20            129014.02                    1612.68                0.00             2526.41
s21            129014.02                    1612.68                0.00             4091.27
s22            129014.02                    1612.68                0.00             3307.65
s23            129014.02                    1612.68                0.00             4714.17
s24            104433.14                    1366.87              245.81             1366.87
s25            129014.02                    1612.68                0.00             4182.56
s26            -27488.11                      47.65             1565.02               47.65
s27            129014.02                    1612.68                0.00             3866.85
s28            129014.02                    1612.68                0.00             4048.97
s29            129014.02                    1612.68                0.00             4090.59
s30            129014.02                    1612.68                0.00             4408.84
s31            129014.02                    1612.68                0.00             3328.51
s32            129014.02                    1612.68                0.00             3301.81
s33            129014.02                    1612.68                0.00             3874.48
s34            129014.02                    1612.68                0.00             3907.43
s35            129014.02                    1612.68                0.00             2962.42
s36            129014.02                    1612.68                0.00             3141.30
s37            129014.02                    1612.68                0.00             3648.11
s38            129014.02                    1612.68                0.00             3681.10
s39            129014.02                    1612.68                0.00             5003.22
s40            129014.02                    1612.68                0.00             3378.43
s41            129014.02                    1612.68                0.00             5107.10
s42            129014.02                    1612.68                0.00             1868.03
s43            129014.02                    1612.68                0.00             2736.28
s44            -10647.12                     216.06             1396.61              216.06
s45            129014.02                    1612.68                0.00             2855.29
s46            129014.02                    1612.68                0.00             1613.28
s47            129014.02                    1612.68                0.00             1903.88
s48            129014.02                    1612.68                0.00             3148.96
s49            129014.02                    1612.68                0.00             4403.85
s50            129014.02                    1612.68                0.00             3964.55
s51            129014.02                    1612.68                0.00             2925.99
s52            129014.02                    1612.68                0.00             4750.87
s53            129014.02                    1612.68                0.00             1888.39
s54            129014.02                    1612.68                0.00             2459.57
s55            129014.02                    1612.68                0.00             2617.27
s56            129014.02                    1612.68                0.00             2288.06
s57            129014.02                    1612.68                0.00             3585.10
s58            129014.02                    1612.68                0.00             4368.33
s59            129014.02                    1612.68                0.00             4971.11
s60            110545.60                    1427.99              184.68             1427.99
s61            129014.02                    1612.68                0.00             4248.76
s62            129014.02                    1612.68                0.00             4121.00
s63            129014.02                    1612.68                0.00             1947.32
s64            129014.02                    1612.68                0.00             1720.39
s65            129014.02                    1612.68                0.00             4508.10
s66            129014.02                    1612.68                0.00             2745.26
s67            129014.02                    1612.68                0.00             2400.82
s68            129014.02                    1612.68                0.00             3201.93
s69            129014.02                    1612.68                0.00             2378.94
s70            129014.02                    1612.68                0.00             2491.32
s71            129014.02                    1612.68                0.00             2551.31
s72            129014.02                    1612.68                0.00             2593.27
s73            129014.02                    1612.68                0.00             7010.74
s74            129014.02                    1612.68                0.00             3956.45
s75            129014.02                    1612.68                0.00             1770.84
s76            129014.02                    1612.68                0.00             3870.97
s77             74612.64                    1068.66              544.01             1068.66
s78            129014.02                    1612.68                0.00             3746.06
s79            129014.02                    1612.68                0.00             4210.24
s80            129014.02                    1612.68                0.00             3890.99
s81             98333.95                    1305.87              306.80             1305.87
s82            129014.02                    1612.68                0.00             3498.27
s83            129014.02                    1612.68                0.00             3197.86
s84            129014.02                    1612.68                0.00             2010.13
s85            129014.02                    1612.68                0.00             2222.25
s86            129014.02                    1612.68                0.00             2568.55
s87            129014.02                    1612.68                0.00             3709.01
s88            129014.02                    1612.68                0.00             3655.25
s89            129014.02                    1612.68                0.00             3448.57
s90            129014.02                    1612.68                0.00             1797.52
s91            129014.02                    1612.68                0.00             4424.47
s92            129014.02                    1612.68                0.00             4349.05
s93            129014.02                    1612.68                0.00             2426.19
s94            129014.02                    1612.68                0.00             3756.19
s95            129014.02                    1612.68                0.00             2940.36
s96            129014.02                    1612.68                0.00             2766.13
s97            129014.02                    1612.68                0.00             3956.88
s98            129014.02                    1612.68                0.00             2475.70
s99            129014.02                    1612.68                0.00             2966.90
s100           119938.32                    1521.92               90.76             1521.92
s101           129014.02                    1612.68                0.00             4327.76
s102           129014.02                    1612.68                0.00             3261.12
s103           129014.02                    1612.68                0.00             1859.92
s104           127661.39                    1599.15               13.53             1599.15
s105           129014.02                    1612.68                0.00             3959.47
s106           129014.02                    1612.68                0.00             3434.49
s107           129014.02                    1612.68                0.00             2500.85
s108           100855.64                    1331.09              281.58             1331.09
s109           129014.02                    1612.68                0.00             2153.06
s110           129014.02                    1612.68                0.00             4339.83
s111           129014.02                    1612.68                0.00             5598.15
s112           129014.02                    1612.68                0.00             2515.86
s113             4484.23                     367.38             1245.30              367.38
s114           129014.02                    1612.68                0.00             3099.94
s115           129014.02                    1612.68                0.00             4296.38
s116           129014.02                    1612.68                0.00             3281.13
s117           129014.02                    1612.68                0.00             2461.30
s118           129014.02                    1612.68                0.00             3019.16
s119           129014.02                    1612.68                0.00             3096.81
s120           129014.02                    1612.68                0.00             3818.87
s121           129014.02                    1612.68                0.00             2760.31
s122           129014.02                    1612.68                0.00             3906.00
s123           125204.68                    1574.58               38.09             1574.58
s124           129014.02                    1612.68                0.00             3166.96
s125            59036.32                     912.90              699.78              912.90
s126           129014.02                    1612.68                0.00             1893.51
s127           129014.02                    1612.68                0.00             3941.33
s128           129014.02                    1612.68                0.00             3211.88
s129           129014.02                    1612.68                0.00             1871.49
s130             6757.75                     390.11             1222.56              390.11
s131           129014.02                    1612.68                0.00             3719.54
s132           129014.02                    1612.68                0.00             3353.03
s133           129014.02                    1612.68                0.00             3290.54
s134           129014.02                    1612.68                0.00             4304.49
s135           129014.02                    1612.68                0.00             2519.02
s136           129014.02                    1612.68                0.00             3080.56
s137           129014.02                    1612.68                0.00             4784.99
s138           129014.02                    1612.68                0.00             3108.43
s139           129014.02                    1612.68                0.00             4328.83
s140           129014.02                    1612.68                0.00             2472.25
s141           129014.02                    1612.68                0.00             3976.60
s142           129014.02                    1612.68                0.00             3698.00
s143           129014.02                    1612.68                0.00             4542.86
s144            44108.01                     763.62              849.06              763.62
s145            86241.73                    1184.95              427.72             1184.95
s146           129014.02                    1612.68                0.00             2699.69
s147           129014.02                    1612.68                0.00             3626.35
s148           129014.02                    1612.68                0.00             4781.35
s149           129014.02                    1612.68                0.00             4151.54
s150           129014.02                    1612.68                0.00             3827.90
s151           129014.02                    1612.68                0.00             2829.46
s152           124286.98                    1565.40               47.27             1565.40
s153           129014.02                    1612.68                0.00             1742.28
s154           129014.02                    1612.68                0.00             4234.46
s155           129014.02                    1612.68                0.00             2321.55
s156           129014.02                    1612.68                0.00             2375.60
s157           129014.02                    1612.68                0.00             3579.42
s158           129014.02                    1612.68                0.00             2919.31
s159           129014.02                    1612.68                0.00             2771.73
s160           129014.02                    1612.68                0.00             3750.56
s161           129014.02                    1612.68                0.00             4494.94
s162           129014.02                    1612.68                0.00             2590.69
s163           129014.02                    1612.68                0.00             1871.29
s164           129014.02                    1612.68                0.00             4090.04
s165           129014.02                    1612.68                0.00             2969.56
s166           129014.02                    1612.68                0.00             3185.79
s167           129014.02                    1612.68                0.00             3479.89
s168           129014.02                    1612.68                0.00             2239.42
s169           129014.02                    1612.68                0.00             3749.28
s170           129014.02                    1612.68                0.00             2205.65
s171           129014.02                    1612.68                0.00             3082.36
s172           129014.02                    1612.68                0.00             1800.00
s173           129014.02                    1612.68                0.00             4267.36
s174           129014.02                    1612.68                0.00             6307.64
s175           129014.02                    1612.68                0.00             4548.85
s176           129014.02                    1612.68                0.00             2443.43
s177           129014.02                    1612.68                0.00             3957.97
s178           129014.02                    1612.68                0.00             3493.36
s179           129014.02                    1612.68                0.00             2961.18
s180           129014.02                    1612.68                0.00             3737.22
s181           129014.02                    1612.68                0.00             4514.19
s182           129014.02                    1612.68                0.00             3352.89
s183           129014.02                    1612.68                0.00             3573.93
s184           129014.02                    1612.68                0.00             5024.76
s185           129014.02                    1612.68                0.00             2998.27
s186           129014.02                    1612.68                0.00             3732.34
s187           -17849.61                     144.04             1468.64              144.04
s188           129014.02                    1612.68                0.00             5122.31
s189           129014.02                    1612.68                0.00             2691.48
s190           129014.02                    1612.68                0.00             3026.21
s191           129014.02                    1612.68                0.00             3688.75
s192           129014.02                    1612.68                0.00             3274.05
s193           129014.02                    1612.68                0.00             3510.31
s194           101260.66                    1335.14              277.53             1335.14
s195           129014.02                    1612.68                0.00             3645.14
s196           129014.02                    1612.68                0.00             2797.67
s197           129014.02                    1612.68                0.00             3235.16
s198           129014.02                    1612.68                0.00             3181.71
s199           129014.02                    1612.68                0.00             4042.54
s200           120980.57                    1532.34               80.33             1532.34
s201           129014.02                    1612.68                0.00             2575.40
s202           129014.02                    1612.68                0.00             3764.85
s203           129014.02                    1612.68                0.00             2759.89
s204           129014.02                    1612.68                0.00             3029.35
s205           129014.02                    1612.68                0.00             3293.42
s206           129014.02                    1612.68                0.00             4071.56
s207           129014.02                    1612.68                0.00             4144.28
s208           129014.02                    1612.68                0.00             2512.89
s209           129014.02                    1612.68                0.00             4029.13
s210           129014.02                    1612.68                0.00             2550.31
s211           129014.02                    1612.68                0.00             2615.71
s212           129014.02                    1612.68                0.00             2653.85
s213           129014.02                    1612.68                0.00             2927.99
s214           129014.02                    1612.68                0.00             2451.07
s215           129014.02                    1612.68                0.00             4275.19
s216           129014.02                    1612.68                0.00             4567.11
s217           129014.02                    1612.68                0.00             4616.65
s218           129014.02                    1612.68                0.00             2198.09
s219           129014.02                    1612.68                0.00             3922.24
s220           129014.02                    1612.68                0.00             4843.11
s221           129014.02                    1612.68                0.00             2323.17
s222           129014.02                    1612.68                0.00             2523.03
s223           129014.02                    1612.68                0.00             2786.21
s224           129014.02                    1612.68                0.00             3078.87
s225           129014.02                    1612.68                0.00             4501.35
s226           129014.02                    1612.68                0.00             3628.98
s227           129014.02                    1612.68                0.00             2324.10
s228           129014.02                    1612.68                0.00             2110.19
s229           129014.02                    1612.68                0.00             3114.46
s230           129014.02                    1612.68                0.00             4367.70
s231           129014.02                    1612.68                0.00             2022.75
s232           129014.02                    1612.68                0.00             3208.13
s233           129014.02                    1612.68                0.00             3376.59
s234           129014.02                    1612.68                0.00             3422.66
s235           129014.02                    1612.68                0.00             3092.89
s236           129014.02                    1612.68                0.00             2156.75
s237           118765.89                    1510.19              102.48             1510.19
s238           129014.02                    1612.68                0.00             2714.67
s239           129014.02                    1612.68                0.00             3196.28
s240           129014.02                    1612.68                0.00             2607.45
s241           129014.02                    1612.68                0.00             2032.86
s242           129014.02                    1612.68                0.00             3734.26
s243           129014.02                    1612.68                0.00             3367.61
s244           129014.02                    1612.68                0.00             3802.00
s245           129014.02                    1612.68                0.00             2750.59
s246           129014.02                    1612.68                0.00             2917.83
s247           129014.02                    1612.68                0.00             3164.90
s248           129014.02                    1612.68                0.00             3743.60
s249           129014.02                    1612.68                0.00             2192.11
s250           129014.02                    1612.68                0.00             3228.50
s251           129014.02                    1612.68                0.00             3137.31
s252           129014.02                    1612.68                0.00             1974.85
s253           129014.02                    1612.68                0.00             3177.52
s254           129014.02                    1612.68                0.00             2958.72
s255           129014.02                    1612.68                0.00             3797.97
s256           129014.02                    1612.68                0.00             2260.01
s257           129014.02                    1612.68                0.00             2799.87
s258           129014.02                    1612.68                0.00             2167.31
s259           129014.02                    1612.68                0.00             3846.63
s260           129014.02                    1612.68                0.00             4091.40
s261           129014.02                    1612.68                0.00             3766.87
s262           129014.02                    1612.68                0.00             2428.68
s263           129014.02                    1612.68                0.00             4661.93
s264           129014.02                    1612.68                0.00             2548.50
s265           129014.02                    1612.68                0.00             3791.74
s266           129014.02                    1612.68                0.00             2357.65
s267           129014.02                    1612.68                0.00             3115.42
s268           129014.02                    1612.68                0.00             2287.76
s269           129014.02                    1612.68                0.00             2850.69
s270           129014.02                    1612.68                0.00             2226.29
s271           129014.02                    1612.68                0.00             1769.15
s272           129014.02                    1612.68                0.00             2364.73
s273           129014.02                    1612.68                0.00             3440.59
s274           129014.02                    1612.68                0.00             1742.91
s275           129014.02                    1612.68                0.00             3860.64
s276           129014.02                    1612.68                0.00             3369.12
s277           129014.02                    1612.68                0.00             2755.49
s278           129014.02                    1612.68                0.00             2212.92
s279           129014.02                    1612.68                0.00             4132.07
s280           129014.02                    1612.68                0.00             4502.04
s281           129014.02                    1612.68                0.00             2430.41
s282           102880.92                    1351.34              261.33             1351.34
s283           129014.02                    1612.68                0.00             2255.18
s284           129014.02                    1612.68                0.00             4902.12
s285           129014.02                    1612.68                0.00             3755.93
s286           129014.02                    1612.68                0.00             3825.63
s287           129014.02                    1612.68                0.00             3136.01
s288           129014.02                    1612.68                0.00             2001.21
s289           129014.02                    1612.68                0.00             2671.57
s290           129014.02                    1612.68                0.00             4036.61
s291           129014.02                    1612.68                0.00             2077.26
s292           129014.02                    1612.68                0.00             3799.42
s293           129014.02                    1612.68                0.00             4098.48
s294           129014.02                    1612.68                0.00             3581.96
s295             3384.48                     356.38             1256.30              356.38
s296           129014.02                    1612.68                0.00             2184.20
s297           129014.02                    1612.68                0.00             4192.43
s298           129014.02                    1612.68                0.00             3642.28
s299           129014.02                    1612.68                0.00             3857.40
s300           129014.02                    1612.68                0.00             2991.40
s301           129014.02                    1612.68                0.00             4327.46
s302           129014.02                    1612.68                0.00             3547.91
s303           129014.02                    1612.68                0.00             2181.00
s304           129014.02                    1612.68                0.00             4400.82
s305           129014.02                    1612.68                0.00             2159.95
s306           129014.02                    1612.68                0.00             3287.67
s307            48119.47                     803.73              808.95              803.73
s308           129014.02                    1612.68                0.00             2469.33
s309            86341.15                    1185.95              426.73             1185.95
s310           129014.02                    1612.68                0.00             4643.70
s311           129014.02                    1612.68                0.00             3516.03
s312           129014.02                    1612.68                0.00             1909.51
s313           129014.02                    1612.68                0.00             2664.49
s314           129014.02                    1612.68                0.00             4877.15
s315           129014.02                    1612.68                0.00             3157.62
s316           129014.02                    1612.68                0.00             1971.40
s317           110652.19                    1429.06              183.62             1429.06
s318           129014.02                    1612.68                0.00             3712.37
s319           129014.02                    1612.68                0.00             2832.88
s320           129014.02                    1612.68                0.00             2097.44
s321           129014.02                    1612.68                0.00             3988.47
s322           129014.02                    1612.68                0.00             3661.53
s323           129014.02                    1612.68                0.00             4011.89
s324           129014.02                    1612.68                0.00             4058.98
s325           129014.02                    1612.68                0.00             3365.44
s326           129014.02                    1612.68                0.00             3238.29
s327            76764.23                    1090.18              522.50             1090.18
s328           129014.02                    1612.68                0.00             1819.31
s329           129014.02                    1612.68                0.00             3814.09
s330           129014.02                    1612.68                0.00             2375.67
s331           129014.02                    1612.68                0.00             5231.73
s332           129014.02                    1612.68                0.00             4741.49
s333           129014.02                    1612.68                0.00             4013.90
s334           129014.02                    1612.68                0.00             2009.74
s335           129014.02                    1612.68                0.00             2446.97
s336           129014.02                    1612.68                0.00             3625.91
s337           129014.02                    1612.68                0.00             3998.73
s338           129014.02                    1612.68                0.00             4242.66
s339           129014.02                    1612.68                0.00             3269.02
s340           129014.02                    1612.68                0.00             4716.48
s341           129014.02                    1612.68                0.00             3750.90
s342           129014.02                    1612.68                0.00             3309.51
s343           129014.02                    1612.68                0.00             2133.63
s344           116367.27                    1486.21              126.47             1486.21
s345           129014.02                    1612.68                0.00             3311.18
s346           129014.02                    1612.68                0.00             3535.61
s347           129014.02                    1612.68                0.00             3813.00
s348           129014.02                    1612.68                0.00             2619.32
s349           129014.02                    1612.68                0.00             2046.53
s350           129014.02                    1612.68                0.00             2852.78
s351           129014.02                    1612.68                0.00             3179.47
s352           129014.02                    1612.68                0.00             2601.50
s353           118723.12                    1509.77              102.91             1509.77
s354           129014.02                    1612.68                0.00             3823.64
s355           129014.02                    1612.68                0.00             3571.74
s356           129014.02                    1612.68                0.00             3875.39
s357           129014.02                    1612.68                0.00             4280.25
s358           129014.02                    1612.68                0.00             2852.04
s359           129014.02                    1612.68                0.00             4265.23
s360            50267.76                     825.21              787.46              825.21
s361           105283.86                    1375.37              237.30             1375.37
s362           129014.02                    1612.68                0.00             4491.66
s363           129014.02                    1612.68                0.00             2413.32
s364           129014.02                    1612.68                0.00             1933.66
s365           129014.02                    1612.68                0.00             3642.06
s366           129014.02                    1612.68                0.00             2738.89
s367           129014.02                    1612.68                0.00             2955.03
s368           129014.02                    1612.68                0.00             2842.44
s369           129014.02                    1612.68                0.00             3265.33
s370           129014.02                    1612.68                0.00             3466.06
s371           129014.02                    1612.68                0.00             3056.62
s372           129014.02                    1612.68                0.00             3505.10
s373           129014.02                    1612.68                0.00             3691.91
s374           129014.02                    1612.68                0.00             2614.83
s375           129014.02                    1612.68                0.00             2408.88
s376           129014.02                    1612.68                0.00             4552.70
s377           129014.02                    1612.68                0.00             3847.04
s378           129014.02                    1612.68                0.00             3021.95
s379           129014.02                    1612.68                0.00             2600.60
s380           129014.02                    1612.68                0.00             2598.04
s381           129014.02                    1612.68                0.00             1615.59
s382           129014.02                    1612.68                0.00             4346.74
s383           129014.02                    1612.68                0.00             2121.17
s384           129014.02                    1612.68                0.00             4960.92
s385           129014.02                    1612.68                0.00             3457.29
s386           129014.02                    1612.68                0.00             2442.16
s387           129014.02                    1612.68                0.00             3314.15
s388           129014.02                    1612.68                0.00             4276.88
s389           129014.02                    1612.68                0.00             3432.38
s390           129014.02                    1612.68                0.00             4652.09
s391           129014.02                    1612.68                0.00             3111.07
s392           129014.02                    1612.68                0.00             3154.04
s393            99459.05                    1317.13              295.55             1317.13
s394           129014.02                    1612.68                0.00             2136.47
s395           129014.02                    1612.68                0.00             3474.49
s396           129014.02                    1612.68                0.00             2025.20
s397           129014.02                    1612.68                0.00             3377.13
s398           129014.02                    1612.68                0.00             4474.91
s399           129014.02                    1612.68                0.00             2306.50
s400           129014.02                    1612.68                0.00             2098.96
s401           129014.02                    1612.68                0.00             4365.52
s402           129014.02                    1612.68                0.00             3741.04
s403           129014.02                    1612.68                0.00             2648.38
s404           129014.02                    1612.68                0.00             4094.50
s405           129014.02                    1612.68                0.00             1986.02
s406           129014.02                    1612.68                0.00             3606.30
s407           129014.02                    1612.68                0.00             3366.76
s408           129014.02                    1612.68                0.00             2045.87
s409           129014.02                    1612.68                0.00             2632.62
s410           129014.02                    1612.68                0.00             2849.03
s411           129014.02                    1612.68                0.00             2494.79
s412            42050.08                     743.04              869.64              743.04
s413           129014.02                    1612.68                0.00             3120.20
s414           129014.02                    1612.68                0.00             3460.91
s415           129014.02                    1612.68                0.00             3868.88
s416           129014.02                    1612.68                0.00             3639.56
s417           129014.02                    1612.68                0.00             3375.56
s418           129014.02                    1612.68                0.00             3638.73
s419           129014.02                    1612.68                0.00             4999.04
s420            41463.72                     737.17              875.50              737.17
s421           129014.02                    1612.68                0.00             2760.80
s422           129014.02                    1612.68                0.00             1662.55
s423           129014.02                    1612.68                0.00             3469.41
s424           129014.02                    1612.68                0.00             3764.48
s425           129014.02                    1612.68                0.00             3021.03
s426           129014.02                    1612.68                0.00             2291.80
s427           129014.02                    1612.68                0.00             1788.76
s428           129014.02                    1612.68                0.00             2629.79
s429           129014.02                    1612.68                0.00             4474.03
s430           129014.02                    1612.68                0.00             2838.75
s431           129014.02                    1612.68                0.00             2177.73
s432           129014.02                    1612.68                0.00             2708.40
s433           129014.02                    1612.68                0.00             1633.83
s434           129014.02                    1612.68                0.00             3809.33
s435            81729.14                    1139.83              472.85             1139.83
s436           129014.02                    1612.68                0.00             2767.47
s437           129014.02                    1612.68                0.00             3093.50
s438           129014.02                    1612.68                0.00             4122.92
s439           129014.02                    1612.68                0.00             2944.97
s440           129014.02                    1612.68                0.00             1967.31
s441            22817.90                     550.71             1061.96              550.71
s442           129014.02                    1612.68                0.00             2071.78
s443           129014.02                    1612.68                0.00             3659.06
s444           129014.02                    1612.68                0.00             3847.68
s445           129014.02                    1612.68                0.00             3508.44
s446           129014.02                    1612.68                0.00             3547.67
s447           129014.02                    1612.68                0.00             1869.99
s448           129014.02                    1612.68                0.00             4516.27
s449           129014.02                    1612.68                0.00             5292.89
s450           129014.02                    1612.68                0.00             4436.69
s451           129014.02                    1612.68                0.00             2722.73
s452           129014.02                    1612.68                0.00             1892.67
s453           129014.02                    1612.68                0.00             3977.76
s454           129014.02                    1612.68                0.00             5742.93
s455           129014.02                    1612.68                0.00             4437.46
s456           129014.02                    1612.68                0.00             1801.03
s457           129014.02                    1612.68                0.00             2652.99
s458           129014.02                    1612.68                0.00             2252.26
s459           115753.03                    1480.07              132.61             1480.07
s460           129014.02                    1612.68                0.00             2945.71
s461           129014.02                    1612.68                0.00             4208.20
s462           129014.02                    1612.68                0.00             1979.30
s463           129014.02                    1612.68                0.00             4166.14
s464           129014.02                    1612.68                0.00             3774.74
s465           113740.75                    1459.94              152.73             1459.94
s466           129014.02                    1612.68                0.00             3158.20
s467           129014.02                    1612.68                0.00             1689.51
s468           -15598.39                     166.55             1446.12              166.55
s469           -32253.51                       0.00             1612.68                0.00
s470           129014.02                    1612.68                0.00             4851.84
s471           129014.02                    1612.68                0.00             3980.06
s472           129014.02                    1612.68                0.00             2757.49
s473           129014.02                    1612.68                0.00             2808.22
s474           129014.02                    1612.68                0.00             1775.45
s475           129014.02                    1612.68                0.00             2815.37
s476           129014.02                    1612.68                0.00             5157.40
s477            81319.03                    1135.73              476.95             1135.73
s478           129014.02                    1612.68                0.00             3904.70
s479           129014.02                    1612.68                0.00             2882.47
s480           129014.02                    1612.68                0.00             4877.46
s481           129014.02                    1612.68                0.00             1975.52
s482           129014.02                    1612.68                0.00             2265.00
s483           129014.02                    1612.68                0.00             3968.11
s484           129014.02                    1612.68                0.00             5149.28
s485            45474.40                     777.28              835.40              777.28
s486            63552.36                     958.06              654.62              958.06
s487           129014.02                    1612.68                0.00             4284.70
s488           129014.02                    1612.68                0.00             3327.25
s489           129014.02                    1612.68                0.00             5573.77
s490           129014.02                    1612.68                0.00             4540.77
s491           129014.02                    1612.68                0.00             3802.55
s492           129014.02                    1612.68                0.00             3135.32
s493           129014.02                    1612.68                0.00             3264.10
s494           129014.02                    1612.68                0.00             2123.96
s495           129014.02                    1612.68                0.00             2876.49
s496           129014.02                    1612.68                0.00             1770.73
s497           129014.02                    1612.68                0.00             3059.01
s498           129014.02                    1612.68                0.00             2886.80
s499           129014.02                    1612.68                0.00             3058.25
s500           129014.02                    1612.68                0.00             5004.41
s501           129014.02                    1612.68                0.00             3243.74
s502           129014.02                    1612.68                0.00             3776.77
s503           127168.88                    1594.22               18.45             1594.22
s504           129014.02                    1612.68                0.00             2048.33
s505           129014.02                    1612.68                0.00             3418.69
s506           129014.02                    1612.68                0.00             2862.68
s507           129014.02                    1612.68                0.00             5600.52
s508           129014.02                    1612.68                0.00             4239.73
s509           117395.90                    1496.49              116.18             1496.49
s510           129014.02                    1612.68                0.00             2137.57
s511           129014.02                    1612.68                0.00             2313.17
s512           -32253.51                       0.00             1612.68                0.00
s513           129014.02                    1612.68                0.00             4519.56
s514           129014.02                    1612.68                0.00             1913.62
s515           129014.02                    1612.68                0.00             1758.86
s516           129014.02                    1612.68                0.00             3420.47
s517           129014.02                    1612.68                0.00             2568.45
s518           129014.02                    1612.68                0.00             2663.48
s519           129014.02                    1612.68                0.00             4059.48
s520           129014.02                    1612.68                0.00             4541.30
s521           129014.02                    1612.68                0.00             2579.28
s522           129014.02                    1612.68                0.00             3507.74
s523           129014.02                    1612.68                0.00             2178.62
s524           129014.02                    1612.68                0.00             2473.42
s525           129014.02                    1612.68                0.00             5093.49
s526           129014.02                    1612.68                0.00             4286.58
s527           129014.02                    1612.68                0.00             4157.60
s528           115188.66                    1474.42              138.25             1474.42
s529           129014.02                    1612.68                0.00             2832.33
s530           129014.02                    1612.68                0.00             4563.53
s531           129014.02                    1612.68                0.00             4719.79
s532           129014.02                    1612.68                0.00             4085.64
s533           129014.02                    1612.68                0.00             3501.71
s534           129014.02                    1612.68                0.00             3799.83
s535           129014.02                    1612.68                0.00             1785.51
s536           129014.02                    1612.68                0.00             4811.28
s537           -22663.13                      95.90             1516.77               95.90
s538           129014.02                    1612.68                0.00             4215.52
s539           129014.02                    1612.68                0.00             3571.54
s540           129014.02                    1612.68                0.00             7522.15
s541           129014.02                    1612.68                0.00             2418.87
s542           129014.02                    1612.68                0.00             2627.18
s543           129014.02                    1612.68                0.00             2083.57
s544           129014.02                    1612.68                0.00             2867.76
s545           129014.02                    1612.68                0.00             5482.97
s546           129014.02                    1612.68                0.00             5798.91
s547           129014.02                    1612.68                0.00             3490.85
s548           129014.02                    1612.68                0.00             2517.71
s549           129014.02                    1612.68                0.00             2499.12
s550           129014.02                    1612.68                0.00             3184.53
s551           129014.02                    1612.68                0.00             2908.86
s552           129014.02                    1612.68                0.00             4173.97
s553           129014.02                    1612.68                0.00             3492.64
s554           129014.02                    1612.68                0.00             3513.33
s555           129014.02                    1612.68                0.00             2348.75
s556           129014.02                    1612.68                0.00             3154.30
s557           129014.02                    1612.68                0.00             2916.17
s558           129014.02                    1612.68                0.00             4101.17
s559           129014.02                    1612.68                0.00             2570.47
s560           129014.02                    1612.68                0.00             3411.39
s561           129014.02                    1612.68                0.00             1818.18
s562           129014.02                    1612.68                0.00             2746.09
s563           129014.02                    1612.68                0.00             3901.73
s564           129014.02                    1612.68                0.00             5689.53
s565           129014.02                    1612.68                0.00             1795.72
s566           129014.02                    1612.68                0.00             3905.11
s567           129014.02                    1612.68                0.00             3209.07
s568           129014.02                    1612.68                0.00             3262.45
s569           129014.02                    1612.68                0.00             3744.22
s570           129014.02                    1612.68                0.00             2669.39
s571           129014.02                    1612.68                0.00             3093.03
s572           129014.02                    1612.68                0.00             3383.19
s573           124801.81                    1570.55               42.12             1570.55
s574           129014.02                    1612.68                0.00             2561.43
s575           129014.02                    1612.68                0.00             2259.13
s576           129014.02                    1612.68                0.00             3750.27
s577           129014.02                    1612.68                0.00             2770.59
s578           129014.02                    1612.68                0.00             4654.49
s579           129014.02                    1612.68                0.00             4768.81
s580           129014.02                    1612.68                0.00             4351.39
s581           129014.02                    1612.68                0.00             1631.98
s582           129014.02                    1612.68                0.00             2966.82
s583           129014.02                    1612.68                0.00             5124.28
s584           129014.02                    1612.68                0.00             4248.87
s585           129014.02                    1612.68                0.00             3086.08
s586           129014.02                    1612.68                0.00             7593.80
s587           129014.02                    1612.68                0.00             3471.66
s588           129014.02                    1612.68                0.00             4924.71
s589           129014.02                    1612.68                0.00             2675.20
s590            90731.79                    1229.85              382.82             1229.85
s591           129014.02                    1612.68                0.00             2367.26
s592           129014.02                    1612.68                0.00             2277.69
s593           129014.02                    1612.68                0.00             2067.69
s594           129014.02                    1612.68                0.00             2263.71
s595           129014.02                    1612.68                0.00             3963.16
s596           129014.02                    1612.68                0.00             5070.30
s597           129014.02                    1612.68                0.00             4209.78
s598           129014.02                    1612.68                0.00             3412.11
s599           129014.02                    1612.68                0.00             4584.96
s600           129014.02                    1612.68                0.00             2642.40
s601            18164.69                     504.18             1108.49              504.18
s602           129014.02                    1612.68                0.00             3611.60
s603           129014.02                    1612.68                0.00             3035.74
s604           129014.02                    1612.68                0.00             2710.65
s605           129014.02                    1612.68                0.00             4724.58
s606           129014.02                    1612.68                0.00             1758.64
s607           129014.02                    1612.68                0.00             3298.15
s608           129014.02                    1612.68                0.00             2741.79
s609           129014.02                    1612.68                0.00             4303.92
s610           129014.02                    1612.68                0.00             4109.20
s611           129014.02                    1612.68                0.00             2154.40
s612           129014.02                    1612.68                0.00             2639.33
s613           129014.02                    1612.68                0.00             4013.52
s614           129014.02                    1612.68                0.00             4473.59
s615           129014.02                    1612.68                0.00             4371.24
s616           129014.02                    1612.68                0.00             3177.97
s617           129014.02                    1612.68                0.00             4257.30
s618           129014.02                    1612.68                0.00             3406.46
s619           129014.02                    1612.68                0.00             4453.38
s620           129014.02                    1612.68                0.00             3915.61
s621           129014.02                    1612.68                0.00             4992.72
s622           129014.02                    1612.68                0.00             2773.90
s623           129014.02                    1612.68                0.00             2584.12
s624           129014.02                    1612.68                0.00             4588.58
s625           129014.02                    1612.68                0.00             4264.39
s626           129014.02                    1612.68                0.00             3739.13
s627           129014.02                    1612.68                0.00             2808.19
s628           129014.02                    1612.68                0.00             3256.34
s629           129014.02                    1612.68                0.00             3366.47
s630           129014.02                    1612.68                0.00             3784.30
s631           129014.02                    1612.68                0.00             4524.95
s632           129014.02                    1612.68                0.00             4458.47
s633           129014.02                    1612.68                0.00             1800.47
s634           129014.02                    1612.68                0.00             5114.79
s635           129014.02                    1612.68                0.00             2950.79
s636           129014.02                    1612.68                0.00             2017.20
s637           129014.02                    1612.68                0.00             2466.05
s638           129014.02                    1612.68                0.00             2923.39
s639           129014.02                    1612.68                0.00             2337.47
s640           129014.02                    1612.68                0.00             4123.54
s641           129014.02                    1612.68                0.00             2739.48
s642           129014.02                    1612.68                0.00             3340.03
s643           129014.02                    1612.68                0.00             6148.19
s644           129014.02                    1612.68                0.00             2664.77
s645           129014.02                    1612.68                0.00             3053.38
s646           129014.02                    1612.68                0.00             4276.87
s647           129014.02                    1612.68                0.00             4848.35
s648           129014.02                    1612.68                0.00             3233.87
s649           129014.02                    1612.68                0.00             3011.29
s650           129014.02                    1612.68                0.00             2103.69
s651           129014.02                    1612.68                0.00             3761.10
s652           129014.02                    1612.68                0.00             3254.77
s653           129014.02                    1612.68                0.00             4348.52
s654           129014.02                    1612.68                0.00             2540.86
s655           129014.02                    1612.68                0.00             2975.28
s656           129014.02                    1612.68                0.00             2509.85
s657           129014.02                    1612.68                0.00             2696.85
s658           129014.02                    1612.68                0.00             3158.92
s659           129014.02                    1612.68                0.00             1885.00
s660           129014.02                    1612.68                0.00             2677.22
s661           129014.02                    1612.68                0.00             2553.49
s662           129014.02                    1612.68                0.00             3630.06
s663           106731.24                    1389.85              222.83             1389.85
s664           129014.02                    1612.68                0.00             4542.15
s665           129014.02                    1612.68                0.00             4662.61
s666           129014.02                    1612.68                0.00             2584.71
s667           129014.02                    1612.68                0.00             3575.80
s668           129014.02                    1612.68                0.00             2896.09
s669           129014.02                    1612.68                0.00             3548.42
s670           129014.02                    1612.68                0.00             3501.09
s671           129014.02                    1612.68                0.00             4540.04
s672           129014.02                    1612.68                0.00             2857.78
s673           129014.02                    1612.68                0.00             4653.68
s674           129014.02                    1612.68                0.00             3767.87
s675           129014.02                    1612.68                0.00             2899.17
s676           129014.02                    1612.68                0.00             2742.07
s677           129014.02                    1612.68                0.00             4484.41
s678           129014.02                    1612.68                0.00             4083.43
s679           129014.02                    1612.68                0.00             2658.83
s680           129014.02                    1612.68                0.00             2573.67
s681           129014.02                    1612.68                0.00             4668.63
s682           129014.02                    1612.68                0.00             3964.22
s683           129014.02                    1612.68                0.00             3851.53
s684           129014.02                    1612.68                0.00             2075.83
s685           129014.02                    1612.68                0.00             5428.32
s686           129014.02                    1612.68                0.00             3390.30
s687           129014.02                    1612.68                0.00             5149.09
s688           129014.02                    1612.68                0.00             4067.76
s689           129014.02                    1612.68                0.00             3325.90
s690           129014.02                    1612.68                0.00             3829.42
s691           129014.02                    1612.68                0.00             4115.61
s692           129014.02                    1612.68                0.00             4347.75
s693            41312.61                     735.66              877.01              735.66
s694           129014.02                    1612.68                0.00             3649.71
s695           129014.02                    1612.68                0.00             3040.11
s696           103105.72                    1353.59              259.08             1353.59
s697           129014.02                    1612.68                0.00             3651.63
s698           129014.02                    1612.68                0.00             3534.01
s699           129014.02                    1612.68                0.00             3010.33
s700           129014.02                    1612.68                0.00             4274.63
s701           129014.02                    1612.68                0.00             1979.94
s702            92119.58                    1243.73              368.94             1243.73
s703           129014.02                    1612.68                0.00             2247.65
s704           129014.02                    1612.68                0.00             3249.34
s705           129014.02                    1612.68                0.00             6014.80
s706           129014.02                    1612.68                0.00             2894.81
s707           129014.02                    1612.68                0.00             4027.67
s708           129014.02                    1612.68                0.00             3286.20
s709           129014.02                    1612.68                0.00             3765.58
s710           129014.02                    1612.68                0.00             3485.44
s711           129014.02                    1612.68                0.00             2551.11
s712           129014.02                    1612.68                0.00             2339.62
s713            82753.07                    1150.07              462.61             1150.07
s714           129014.02                    1612.68                0.00             2841.79
s715           129014.02                    1612.68                0.00             2130.94
s716           129014.02                    1612.68                0.00             4778.89
s717           129014.02                    1612.68                0.00             2625.35
s718            36529.28                     687.83              924.85              687.83
s719           129014.02                    1612.68                0.00             2291.86
s720           129014.02                    1612.68                0.00             2869.64
s721           129014.02                    1612.68                0.00             3937.43
s722           129014.02                    1612.68                0.00             3947.75
s723           129014.02                    1612.68                0.00             4839.66
s724           129014.02                    1612.68                0.00             2511.35
s725           129014.02                    1612.68                0.00             1863.82
s726           129014.02                    1612.68                0.00             2117.68
s727           129014.02                    1612.68                0.00             1933.33
s728           129014.02                    1612.68                0.00             3653.99
s729            30662.09                     629.16              983.52              629.16
s730           129014.02                    1612.68                0.00             3251.25
s731           129014.02                    1612.68                0.00             4295.44
s732           129014.02                    1612.68                0.00             3259.96
s733           129014.02                    1612.68                0.00             4070.31
s734           129014.02                    1612.68                0.00             4456.71
s735           129014.02                    1612.68                0.00             2760.08
s736           129014.02                    1612.68                0.00             3740.01
s737           119835.53                    1520.89               91.78             1520.89
s738           129014.02                    1612.68                0.00             4058.69
s739           129014.02                    1612.68                0.00             3758.47
s740            50628.28                     828.82              783.86              828.82
s741           129014.02                    1612.68                0.00             2372.54
s742           129014.02                    1612.68                0.00             3671.03
s743           129014.02                    1612.68                0.00             4454.55
s744           129014.02                    1612.68                0.00             2247.78
s745            48421.30                     806.75              805.93              806.75
s746           129014.02                    1612.68                0.00             3108.67
s747           129014.02                    1612.68                0.00             2459.49
s748           129014.02                    1612.68                0.00             3132.43
s749           107755.91                    1400.09              212.58             1400.09
s750           129014.02                    1612.68                0.00             2964.93
s751           116884.62                    1491.38              121.29             1491.38
s752           129014.02                    1612.68                0.00             4327.13
s753           129014.02                    1612.68                0.00             3808.48
s754           129014.02                    1612.68                0.00             4308.15
s755           129014.02                    1612.68                0.00             2890.55
s756           129014.02                    1612.68                0.00             2695.71
s757           129014.02                    1612.68                0.00             1797.04
s758           129014.02                    1612.68                0.00             2829.02
s759           129014.02                    1612.68                0.00             2086.39
s760           129014.02                    1612.68                0.00             3025.54
s761           129014.02                    1612.68                0.00             2472.52
s762           -26713.30                      55.40             1557.27               55.40
s763           129014.02                    1612.68                0.00             3435.61
s764           129014.02                    1612.68                0.00             2815.84
s765           129014.02                    1612.68                0.00             3909.41
s766           129014.02                    1612.68                0.00             2770.51
s767           129014.02                    1612.68                0.00             3049.21
s768           129014.02                    1612.68                0.00             4192.51
s769           129014.02                    1612.68                0.00             3692.80
s770           129014.02                    1612.68                0.00             2568.23
s771           129014.02                    1612.68                0.00             2088.66
s772           129014.02                    1612.68                0.00             2515.88
s773           129014.02                    1612.68                0.00             3008.22
s774           129014.02                    1612.68                0.00             1768.55
s775           129014.02                    1612.68                0.00             4207.64
s776            57996.71                     902.50              710.17              902.50
s777           129014.02                    1612.68                0.00             3276.20
s778           129014.02                    1612.68                0.00             3550.82
s779           129014.02                    1612.68                0.00             3212.75
s780           129014.02                    1612.68                0.00             2491.82
s781           129014.02                    1612.68                0.00             3637.04
s782           129014.02                    1612.68                0.00             4725.85
s783           129014.02                    1612.68                0.00             2537.93
s784           129014.02                    1612.68                0.00             4100.33
s785           129014.02                    1612.68                0.00             2323.70
s786           129014.02                    1612.68                0.00             4138.65
s787           129014.02                    1612.68                0.00             2920.68
s788           129014.02                    1612.68                0.00             4745.56
s789           129014.02                    1612.68                0.00             4852.44
s790           129014.02                    1612.68                0.00             1883.80
s791           129014.02                    1612.68                0.00             4321.98
s792           129014.02                    1612.68                0.00             2685.64
s793           129014.02                    1612.68                0.00             6035.53
s794           129014.02                    1612.68                0.00             1759.15
s795           129014.02                    1612.68                0.00             1911.72
s796           129014.02                    1612.68                0.00             3664.80
s797           129014.02                    1612.68                0.00             1834.51
s798           129014.02                    1612.68                0.00             1732.54
s799           129014.02                    1612.68                0.00             3369.87
s800           129014.02                    1612.68                0.00             2843.38
s801           129014.02                    1612.68                0.00             4641.19
s802           129014.02                    1612.68                0.00             5818.94
s803           129014.02                    1612.68                0.00             1794.54
s804           129014.02                    1612.68                0.00             3717.57
s805           129014.02                    1612.68                0.00             3264.00
s806           129014.02                    1612.68                0.00             3780.96
s807           129014.02                    1612.68                0.00             2614.04
s808           129014.02                    1612.68                0.00             2377.25
s809           129014.02                    1612.68                0.00             2629.22
s810           103643.86                    1358.97              253.70             1358.97
s811           129014.02                    1612.68                0.00             4518.49
s812           129014.02                    1612.68                0.00             2427.36
s813           129014.02                    1612.68                0.00             2402.35
s814           129014.02                    1612.68                0.00             4131.85
s815           129014.02                    1612.68                0.00             4064.17
s816           129014.02                    1612.68                0.00             3277.52
s817           129014.02                    1612.68                0.00             3299.79
s818           129014.02                    1612.68                0.00             4043.74
s819           129014.02                    1612.68                0.00             3970.90
s820           129014.02                    1612.68                0.00             4488.34
s821           129014.02                    1612.68                0.00             5108.29
s822           129014.02                    1612.68                0.00             2457.06
s823           129014.02                    1612.68                0.00             3334.86
s824           129014.02                    1612.68                0.00             3068.41
s825           129014.02                    1612.68                0.00             3674.90
s826           129014.02                    1612.68                0.00             2911.90
s827           129014.02                    1612.68                0.00             5314.43
s828           129014.02                    1612.68                0.00             2952.21
s829           129014.02                    1612.68                0.00             3773.81
s830           129014.02                    1612.68                0.00             4418.07
s831           129014.02                    1612.68                0.00             3362.92
s832           129014.02                    1612.68                0.00             3515.08
s833           129014.02                    1612.68                0.00             5286.51
s834           129014.02                    1612.68                0.00             6320.49
s835           129014.02                    1612.68                0.00             4355.46
s836           129014.02                    1612.68                0.00             3765.63
s837           129014.02                    1612.68                0.00             2126.10
s838           129014.02                    1612.68                0.00             4085.26
s839           129014.02                    1612.68                0.00             1854.77
s840           129014.02                    1612.68                0.00             3674.04
s841            83285.66                    1155.39              457.28             1155.39
s842           129014.02                    1612.68                0.00             4315.15
s843           129014.02                    1612.68                0.00             2179.84
s844           129014.02                    1612.68                0.00             2800.45
s845           129014.02                    1612.68                0.00             2037.95
s846           129014.02                    1612.68                0.00             3089.17
s847           129014.02                    1612.68                0.00             4255.98
s848           129014.02                    1612.68                0.00             2504.26
s849           129014.02                    1612.68                0.00             2258.75
s850           129014.02                    1612.68                0.00             2124.51
s851           129014.02                    1612.68                0.00             3758.65
s852           129014.02                    1612.68                0.00             2162.37
s853           129014.02                    1612.68                0.00             1905.59
s854           129014.02                    1612.68                0.00             3953.91
s855           129014.02                    1612.68                0.00             4347.45
s856           129014.02                    1612.68                0.00             3421.93
s857           129014.02                    1612.68                0.00             2266.85
s858           129014.02                    1612.68                0.00             2723.90
s859           129014.02                    1612.68                0.00             3705.26
s860           129014.02                    1612.68                0.00             2823.65
s861           129014.02                    1612.68                0.00             2408.95
s862           129014.02                    1612.68                0.00             3337.97
s863           129014.02                    1612.68                0.00             1963.38
s864           129014.02                    1612.68                0.00             3432.50
s865           129014.02                    1612.68                0.00             5001.26
s866           129014.02                    1612.68                0.00             7977.10
s867           129014.02                    1612.68                0.00             2464.44
s868           129014.02                    1612.68                0.00             2885.15
s869           129014.02                    1612.68                0.00             2236.80
s870           129014.02                    1612.68                0.00             2382.92
s871           129014.02                    1612.68                0.00             2199.16
s872           129014.02                    1612.68                0.00             2198.89
s873           129014.02                    1612.68                0.00             3034.38
s874           129014.02                    1612.68                0.00             3577.90
s875           129014.02                    1612.68                0.00             4002.71
s876           129014.02                    1612.68                0.00             3001.38
s877           129014.02                    1612.68                0.00             4951.93
s878           129014.02                    1612.68                0.00             3797.28
s879            92856.13                    1251.10              361.58             1251.10
s880           129014.02                    1612.68                0.00             2538.06
s881           129014.02                    1612.68                0.00             3570.62
s882           129014.02                    1612.68                0.00             2551.66
s883            41770.47                     740.24              872.44              740.24
s884           129014.02                    1612.68                0.00             4285.79
s885           129014.02                    1612.68                0.00             1781.70
s886           129014.02                    1612.68                0.00             4272.92
s887           129014.02                    1612.68                0.00             5247.82
s888           129014.02                    1612.68                0.00             4328.85
s889           129014.02                    1612.68                0.00             4683.40
s890           129014.02                    1612.68                0.00             3240.45
s891           129014.02                    1612.68                0.00             3837.92
s892           129014.02                    1612.68                0.00             4093.52
s893           129014.02                    1612.68                0.00             2109.21
s894           129014.02                    1612.68                0.00             2439.66
s895           129014.02                    1612.68                0.00             1719.93
s896           129014.02                    1612.68                0.00             2303.01
s897           129014.02                    1612.68                0.00             2826.62
s898           129014.02                    1612.68                0.00             3117.32
s899           129014.02                    1612.68                0.00             3368.19
s900           129014.02                    1612.68                0.00             1780.60
s901           129014.02                    1612.68                0.00             2143.29
s902           129014.02                    1612.68                0.00             2586.05
s903           129014.02                    1612.68                0.00             2470.83
s904           129014.02                    1612.68                0.00             3756.06
s905           129014.02                    1612.68                0.00             1955.12
s906           129014.02                    1612.68                0.00             5392.87
s907           129014.02                    1612.68                0.00             4079.70
s908           129014.02                    1612.68                0.00             3558.27
s909           129014.02                    1612.68                0.00             4381.37
s910           129014.02                    1612.68                0.00             3059.99
s911           129014.02                    1612.68                0.00             2399.68
s912           129014.02                    1612.68                0.00             4581.84
s913            46029.62                     782.83              829.84              782.83
s914           129014.02                    1612.68                0.00             2762.02
s915           129014.02                    1612.68                0.00             3898.20
s916           129014.02                    1612.68                0.00             3460.04
s917           129014.02                    1612.68                0.00             1992.11
s918           129014.02                    1612.68                0.00             1983.87
s919           129014.02                    1612.68                0.00             1758.12
s920           129014.02                    1612.68                0.00             3162.90
s921           129014.02                    1612.68                0.00             2735.61
s922           120986.65                    1532.40               80.27             1532.40
s923            92273.03                    1245.27              367.41             1245.27
s924           129014.02                    1612.68                0.00             4490.77
s925           102931.30                    1351.85              260.83             1351.85
s926           129014.02                    1612.68                0.00             4043.23
s927           129014.02                    1612.68                0.00             2203.06
s928           129014.02                    1612.68                0.00             2439.97
s929           129014.02                    1612.68                0.00             2679.85
s930           129014.02                    1612.68                0.00             2946.47
s931           129014.02                    1612.68                0.00             4224.48
s932           129014.02                    1612.68                0.00             3178.47
s933           129014.02                    1612.68                0.00             2717.89
s934           129014.02                    1612.68                0.00             1642.74
s935           129014.02                    1612.68                0.00             4141.19
s936           129014.02                    1612.68                0.00             4604.39
s937           129014.02                    1612.68                0.00             4878.64
s938           129014.02                    1612.68                0.00             2398.14
s939            16829.59                     490.83             1121.84              490.83
s940           129014.02                    1612.68                0.00             2929.40
s941           129014.02                    1612.68                0.00             4826.24
s942           129014.02                    1612.68                0.00             3001.98
s943           129014.02                    1612.68                0.00             2221.25
s944           129014.02                    1612.68                0.00             2532.56
s945           129014.02                    1612.68                0.00             2206.24
s946           129014.02                    1612.68                0.00             3372.67
s947           129014.02                    1612.68                0.00             2289.71
s948           129014.02                    1612.68                0.00             1951.03
s949            59549.65                     918.03              694.64              918.03
s950           129014.02                    1612.68                0.00             2743.97
s951           129014.02                    1612.68                0.00             3473.07
s952           129014.02                    1612.68                0.00             3642.63
s953           129014.02                    1612.68                0.00             2415.64
s954           129014.02                    1612.68                0.00             4806.45
s955           129014.02                    1612.68                0.00             4026.91
s956           129014.02                    1612.68                0.00             2191.89
s957           129014.02                    1612.68                0.00             2982.48
s958           129014.02                    1612.68                0.00             3249.37
s959           129014.02                    1612.68                0.00             2680.03
s960           129014.02                    1612.68                0.00             4830.69
s961           129014.02                    1612.68                0.00             3702.37
s962           129014.02                    1612.68                0.00             3393.58
s963           129014.02                    1612.68                0.00             3772.40
s964           129014.02                    1612.68                0.00             3069.58
s965           129014.02                    1612.68                0.00             4851.12
s966           129014.02                    1612.68                0.00             3986.17
s967           129014.02                    1612.68                0.00             3605.83
s968           129014.02                    1612.68                0.00             3650.21
s969           129014.02                    1612.68                0.00             1670.72
s970           129014.02                    1612.68                0.00             4612.46
s971            69521.08                    1017.75              594.93             1017.75
s972           129014.02                    1612.68                0.00             2059.87
s973           129014.02                    1612.68                0.00             3590.05
s974           129014.02                    1612.68                0.00             3942.83
s975           129014.02                    1612.68                0.00             3810.33
s976           129014.02                    1612.68                0.00             4394.38
s977           129014.02                    1612.68                0.00             2345.34
s978           129014.02                    1612.68                0.00             3999.53
s979           129014.02                    1612.68                0.00             1793.13
s980           129014.02                    1612.68                0.00             3756.12
s981           129014.02                    1612.68                0.00             3606.26
s982           129014.02                    1612.68                0.00             1612.68
s983           129014.02                    1612.68                0.00             3544.87
s984           129014.02                    1612.68                0.00             1976.19
s985           129014.02                    1612.68                0.00             2646.93
s986           129014.02                    1612.68                0.00             3771.61
s987           129014.02                    1612.68                0.00             2526.00
s988           129014.02                    1612.68                0.00             6155.41
s989           129014.02                    1612.68                0.00             3874.54
s990           129014.02                    1612.68                0.00             2941.15
s991           129014.02                    1612.68                0.00             2013.13
s992           129014.02                    1612.68                0.00             5211.91
s993           129014.02                    1612.68                0.00             2118.32
s994           129014.02                    1612.68                0.00             3092.06
s995            58069.51                     903.23              709.45              903.23
s996           129014.02                    1612.68                0.00             1780.42
s997           129014.02                    1612.68                0.00             1899.59
s998           129014.02                    1612.68                0.00             2394.19
s999           129014.02                    1612.68                0.00             2505.30
s1000          129014.02                    1612.68                0.00             2825.04
