Orders             Exp_profit          Exp_sales           Exp_lost_sales      Exp_leftover        Stockout_prob       CVaR

     3460.04          213636.38             2828.37              308.81              631.67                0.40           192580.81



Scenario           Profit              Sales               Leftover_inv        demand
s1             249624.27                    3188.25              271.79             3188.25
s2             276803.08                    3460.04                0.00             3838.86
s3              86067.10                    1552.68             1907.36             1552.68
s4             247093.32                    3162.94              297.10             3162.94
s5              91384.30                    1605.85             1854.19             1605.85
s6             178882.15                    2480.83              979.21             2480.83
s7             276803.08                    3460.04                0.00             3563.91
s8             121519.49                    1907.20             1552.84             1907.20
s9             276803.08                    3460.04                0.00             3974.80
s10            -69200.77                       0.00             3460.04                0.00
s11            202342.95                    2715.44              744.60             2715.44
s12            132537.36                    2017.38             1442.66             2017.38
s13            197023.32                    2662.24              797.80             2662.24
s14            276803.08                    3460.04                0.00             4485.04
s15            209584.84                    2787.86              672.18             2787.86
s16            177524.83                    2467.26              992.78             2467.26
s17            276803.08                    3460.04                0.00             4192.53
s18            217799.14                    2870.00              590.04             2870.00
s19            199758.30                    2689.59              770.45             2689.59
s20            183440.30                    2526.41              933.63             2526.41
s21            276803.08                    3460.04                0.00             4091.27
s22            261564.39                    3307.65              152.39             3307.65
s23            276803.08                    3460.04                0.00             4714.17
s24             67485.88                    1366.87             2093.17             1366.87
s25            276803.08                    3460.04                0.00             4182.56
s26            -64435.38                      47.65             3412.38               47.65
s27            276803.08                    3460.04                0.00             3866.85
s28            276803.08                    3460.04                0.00             4048.97
s29            276803.08                    3460.04                0.00             4090.59
s30            276803.08                    3460.04                0.00             4408.84
s31            263650.41                    3328.51              131.53             3328.51
s32            260980.34                    3301.81              158.23             3301.81
s33            276803.08                    3460.04                0.00             3874.48
s34            276803.08                    3460.04                0.00             3907.43
s35            227041.64                    2962.42              497.61             2962.42
s36            244929.46                    3141.30              318.74             3141.30
s37            276803.08                    3460.04                0.00             3648.11
s38            276803.08                    3460.04                0.00             3681.10
s39            276803.08                    3460.04                0.00             5003.22
s40            268641.77                    3378.43               81.61             3378.43
s41            276803.08                    3460.04                0.00             5107.10
s42            117602.03                    1868.03             1592.01             1868.03
s43            204427.06                    2736.28              723.76             2736.28
s44            -47594.39                     216.06             3243.97              216.06
s45            216328.25                    2855.29              604.75             2855.29
s46             92127.01                    1613.28             1846.76             1613.28
s47            121187.33                    1903.88             1556.16             1903.88
s48            245695.05                    3148.96              311.08             3148.96
s49            276803.08                    3460.04                0.00             4403.85
s50            276803.08                    3460.04                0.00             3964.55
s51            223398.42                    2925.99              534.05             2925.99
s52            276803.08                    3460.04                0.00             4750.87
s53            119638.45                    1888.39             1571.65             1888.39
s54            176756.41                    2459.57             1000.47             2459.57
s55            192526.06                    2617.27              842.77             2617.27
s56            159605.02                    2288.06             1171.98             2288.06
s57            276803.08                    3460.04                0.00             3585.10
s58            276803.08                    3460.04                0.00             4368.33
s59            276803.08                    3460.04                0.00             4971.11
s60             73598.33                    1427.99             2032.05             1427.99
s61            276803.08                    3460.04                0.00             4248.76
s62            276803.08                    3460.04                0.00             4121.00
s63            125531.71                    1947.32             1512.71             1947.32
s64            102837.93                    1720.39             1739.65             1720.39
s65            276803.08                    3460.04                0.00             4508.10
s66            205325.50                    2745.26              714.78             2745.26
s67            170881.08                    2400.82             1059.22             2400.82
s68            250992.61                    3201.93              258.10             3201.93
s69            168692.96                    2378.94             1081.10             2378.94
s70            179931.12                    2491.32              968.72             2491.32
s71            185930.37                    2551.31              908.73             2551.31
s72            190125.74                    2593.27              866.77             2593.27
s73            276803.08                    3460.04                0.00             7010.74
s74            276803.08                    3460.04                0.00             3956.45
s75            107882.98                    1770.84             1689.20             1770.84
s76            276803.08                    3460.04                0.00             3870.97
s77             37665.38                    1068.66             2391.38             1068.66
s78            276803.08                    3460.04                0.00             3746.06
s79            276803.08                    3460.04                0.00             4210.24
s80            276803.08                    3460.04                0.00             3890.99
s81             61386.68                    1305.87             2154.16             1305.87
s82            276803.08                    3460.04                0.00             3498.27
s83            250585.06                    3197.86              262.18             3197.86
s84            131811.88                    2010.13             1449.91             2010.13
s85            153024.02                    2222.25             1237.79             2222.25
s86            187654.32                    2568.55              891.49             2568.55
s87            276803.08                    3460.04                0.00             3709.01
s88            276803.08                    3460.04                0.00             3655.25
s89            275655.96                    3448.57               11.47             3448.57
s90            110551.23                    1797.52             1662.52             1797.52
s91            276803.08                    3460.04                0.00             4424.47
s92            276803.08                    3460.04                0.00             4349.05
s93            173418.54                    2426.19             1033.85             2426.19
s94            276803.08                    3460.04                0.00             3756.19
s95            224834.87                    2940.36              519.68             2940.36
s96            207412.08                    2766.13              693.91             2766.13
s97            276803.08                    3460.04                0.00             3956.88
s98            178369.69                    2475.70              984.33             2475.70
s99            227488.77                    2966.90              493.14             2966.90
s100            82991.06                    1521.92             1938.12             1521.92
s101           276803.08                    3460.04                0.00             4327.76
s102           256910.80                    3261.12              198.92             3261.12
s103           116791.31                    1859.92             1600.12             1859.92
s104            90714.13                    1599.15             1860.89             1599.15
s105           276803.08                    3460.04                0.00             3959.47
s106           274247.93                    3434.49               25.55             3434.49
s107           180884.14                    2500.85              959.19             2500.85
s108            63908.38                    1331.09             2128.95             1331.09
s109           146105.02                    2153.06             1306.98             2153.06
s110           276803.08                    3460.04                0.00             4339.83
s111           276803.08                    3460.04                0.00             5598.15
s112           182384.80                    2515.86              944.18             2515.86
s113           -32463.03                     367.38             3092.66              367.38
s114           240792.97                    3099.94              360.10             3099.94
s115           276803.08                    3460.04                0.00             4296.38
s116           258912.47                    3281.13              178.91             3281.13
s117           176929.18                    2461.30              998.74             2461.30
s118           232714.78                    3019.16              440.88             3019.16
s119           240479.82                    3096.81              363.23             3096.81
s120           276803.08                    3460.04                0.00             3818.87
s121           206830.24                    2760.31              699.73             2760.31
s122           276803.08                    3460.04                0.00             3906.00
s123            88257.41                    1574.58             1885.46             1574.58
s124           247495.08                    3166.96              293.08             3166.96
s125            22089.06                     912.90             2547.14              912.90
s126           120149.86                    1893.51             1566.53             1893.51
s127           276803.08                    3460.04                0.00             3941.33
s128           251987.65                    3211.88              248.15             3211.88
s129           117947.91                    1871.49             1588.55             1871.49
s130           -30189.51                     390.11             3069.93              390.11
s131           276803.08                    3460.04                0.00             3719.54
s132           266101.98                    3353.03              107.01             3353.03
s133           259853.42                    3290.54              169.50             3290.54
s134           276803.08                    3460.04                0.00             4304.49
s135           182701.39                    2519.02              941.02             2519.02
s136           238854.82                    3080.56              379.48             3080.56
s137           276803.08                    3460.04                0.00             4784.99
s138           241641.84                    3108.43              351.61             3108.43
s139           276803.08                    3460.04                0.00             4328.83
s140           178024.08                    2472.25              987.79             2472.25
s141           276803.08                    3460.04                0.00             3976.60
s142           276803.08                    3460.04                0.00             3698.00
s143           276803.08                    3460.04                0.00             4542.86
s144             7160.75                     763.62             2696.42              763.62
s145            49294.47                    1184.95             2275.09             1184.95
s146           200768.15                    2699.69              760.35             2699.69
s147           276803.08                    3460.04                0.00             3626.35
s148           276803.08                    3460.04                0.00             4781.35
s149           276803.08                    3460.04                0.00             4151.54
s150           276803.08                    3460.04                0.00             3827.90
s151           213745.21                    2829.46              630.58             2829.46
s152            87339.72                    1565.40             1894.63             1565.40
s153           105027.51                    1742.28             1717.76             1742.28
s154           276803.08                    3460.04                0.00             4234.46
s155           162954.02                    2321.55             1138.49             2321.55
s156           168359.11                    2375.60             1084.44             2375.60
s157           276803.08                    3460.04                0.00             3579.42
s158           222730.67                    2919.31              540.72             2919.31
s159           207972.32                    2771.73              688.31             2771.73
s160           276803.08                    3460.04                0.00             3750.56
s161           276803.08                    3460.04                0.00             4494.94
s162           189868.42                    2590.69              869.35             2590.69
s163           117928.48                    1871.29             1588.75             1871.29
s164           276803.08                    3460.04                0.00             4090.04
s165           227755.49                    2969.56              490.48             2969.56
s166           249377.82                    3185.79              274.25             3185.79
s167           276803.08                    3460.04                0.00             3479.89
s168           154741.24                    2239.42             1220.62             2239.42
s169           276803.08                    3460.04                0.00             3749.28
s170           151364.20                    2205.65             1254.39             2205.65
s171           239035.64                    3082.36              377.67             3082.36
s172           110798.86                    1800.00             1660.04             1800.00
s173           276803.08                    3460.04                0.00             4267.36
s174           276803.08                    3460.04                0.00             6307.64
s175           276803.08                    3460.04                0.00             4548.85
s176           175142.60                    2443.43             1016.60             2443.43
s177           276803.08                    3460.04                0.00             3957.97
s178           276803.08                    3460.04                0.00             3493.36
s179           226917.41                    2961.18              498.86             2961.18
s180           276803.08                    3460.04                0.00             3737.22
s181           276803.08                    3460.04                0.00             4514.19
s182           266087.84                    3352.89              107.15             3352.89
s183           276803.08                    3460.04                0.00             3573.93
s184           276803.08                    3460.04                0.00             5024.76
s185           230626.23                    2998.27              461.77             2998.27
s186           276803.08                    3460.04                0.00             3732.34
s187           -54796.87                     144.04             3316.00              144.04
s188           276803.08                    3460.04                0.00             5122.31
s189           199947.34                    2691.48              768.56             2691.48
s190           233420.12                    3026.21              433.83             3026.21
s191           276803.08                    3460.04                0.00             3688.75
s192           258203.89                    3274.05              185.99             3274.05
s193           276803.08                    3460.04                0.00             3510.31
s194            64313.39                    1335.14             2124.90             1335.14
s195           276803.08                    3460.04                0.00             3645.14
s196           210565.95                    2797.67              662.37             2797.67
s197           254315.18                    3235.16              224.88             3235.16
s198           248970.06                    3181.71              278.33             3181.71
s199           276803.08                    3460.04                0.00             4042.54
s200            84033.31                    1532.34             1927.70             1532.34
s201           188339.31                    2575.40              884.64             2575.40
s202           276803.08                    3460.04                0.00             3764.85
s203           206788.08                    2759.89              700.15             2759.89
s204           233734.63                    3029.35              430.68             3029.35
s205           260141.47                    3293.42              166.62             3293.42
s206           276803.08                    3460.04                0.00             4071.56
s207           276803.08                    3460.04                0.00             4144.28
s208           182087.82                    2512.89              947.15             2512.89
s209           276803.08                    3460.04                0.00             4029.13
s210           185830.28                    2550.31              909.73             2550.31
s211           192370.43                    2615.71              844.33             2615.71
s212           196184.54                    2653.85              806.19             2653.85
s213           223597.99                    2927.99              532.05             2927.99
s214           175906.66                    2451.07             1008.96             2451.07
s215           276803.08                    3460.04                0.00             4275.19
s216           276803.08                    3460.04                0.00             4567.11
s217           276803.08                    3460.04                0.00             4616.65
s218           150608.01                    2198.09             1261.95             2198.09
s219           276803.08                    3460.04                0.00             3922.24
s220           276803.08                    3460.04                0.00             4843.11
s221           163116.25                    2323.17             1136.87             2323.17
s222           183102.37                    2523.03              937.01             2523.03
s223           209419.83                    2786.21              673.83             2786.21
s224           238686.70                    3078.87              381.16             3078.87
s225           276803.08                    3460.04                0.00             4501.35
s226           276803.08                    3460.04                0.00             3628.98
s227           163208.81                    2324.10             1135.94             2324.10
s228           141817.83                    2110.19             1349.85             2110.19
s229           242245.33                    3114.46              345.58             3114.46
s230           276803.08                    3460.04                0.00             4367.70
s231           133074.72                    2022.75             1437.28             2022.75
s232           251612.64                    3208.13              251.90             3208.13
s233           268457.77                    3376.59               83.45             3376.59
s234           273065.72                    3422.66               37.37             3422.66
s235           240088.71                    3092.89              367.14             3092.89
s236           146473.90                    2156.75             1303.29             2156.75
s237            81818.63                    1510.19             1949.84             1510.19
s238           202265.82                    2714.67              745.37             2714.67
s239           250427.05                    3196.28              263.76             3196.28
s240           191544.34                    2607.45              852.59             2607.45
s241           134084.75                    2032.86             1427.18             2032.86
s242           276803.08                    3460.04                0.00             3734.26
s243           267559.77                    3367.61               92.43             3367.61
s244           276803.08                    3460.04                0.00             3802.00
s245           205858.61                    2750.59              709.44             2750.59
s246           222582.35                    2917.83              542.21             2917.83
s247           247289.47                    3164.90              295.14             3164.90
s248           276803.08                    3460.04                0.00             3743.60
s249           150010.45                    2192.11             1267.93             2192.11
s250           253648.89                    3228.50              231.54             3228.50
s251           244529.86                    3137.31              322.73             3137.31
s252           128284.35                    1974.85             1485.19             1974.85
s253           248551.25                    3177.52              282.52             3177.52
s254           226671.04                    2958.72              501.32             2958.72
s255           276803.08                    3460.04                0.00             3797.97
s256           156800.09                    2260.01             1200.03             2260.01
s257           210786.36                    2799.87              660.17             2799.87
s258           147529.90                    2167.31             1292.73             2167.31
s259           276803.08                    3460.04                0.00             3846.63
s260           276803.08                    3460.04                0.00             4091.40
s261           276803.08                    3460.04                0.00             3766.87
s262           173667.09                    2428.68             1031.36             2428.68
s263           276803.08                    3460.04                0.00             4661.93
s264           185649.06                    2548.50              911.54             2548.50
s265           276803.08                    3460.04                0.00             3791.74
s266           166564.02                    2357.65             1102.39             2357.65
s267           242341.27                    3115.42              344.62             3115.42
s268           159575.28                    2287.76             1172.28             2287.76
s269           215868.29                    2850.69              609.35             2850.69
s270           153428.08                    2226.29             1233.75             2226.29
s271           107714.50                    1769.15             1690.89             1769.15
s272           167271.82                    2364.73             1095.31             2364.73
s273           274858.02                    3440.59               19.45             3440.59
s274           105089.76                    1742.91             1717.13             1742.91
s275           276803.08                    3460.04                0.00             3860.64
s276           267711.52                    3369.12               90.92             3369.12
s277           206347.87                    2755.49              704.55             2755.49
s278           152091.45                    2212.92             1247.12             2212.92
s279           276803.08                    3460.04                0.00             4132.07
s280           276803.08                    3460.04                0.00             4502.04
s281           173840.55                    2430.41             1029.63             2430.41
s282            65933.65                    1351.34             2108.69             1351.34
s283           156316.91                    2255.18             1204.86             2255.18
s284           276803.08                    3460.04                0.00             4902.12
s285           276803.08                    3460.04                0.00             3755.93
s286           276803.08                    3460.04                0.00             3825.63
s287           244400.45                    3136.01              324.03             3136.01
s288           130920.25                    2001.21             1458.83             2001.21
s289           197955.92                    2671.57              788.47             2671.57
s290           276803.08                    3460.04                0.00             4036.61
s291           138525.34                    2077.26             1382.78             2077.26
s292           276803.08                    3460.04                0.00             3799.42
s293           276803.08                    3460.04                0.00             4098.48
s294           276803.08                    3460.04                0.00             3581.96
s295           -33562.79                     356.38             3103.66              356.38
s296           149219.61                    2184.20             1275.83             2184.20
s297           276803.08                    3460.04                0.00             4192.43
s298           276803.08                    3460.04                0.00             3642.28
s299           276803.08                    3460.04                0.00             3857.40
s300           229939.43                    2991.40              468.64             2991.40
s301           276803.08                    3460.04                0.00             4327.46
s302           276803.08                    3460.04                0.00             3547.91
s303           148899.28                    2181.00             1279.04             2181.00
s304           276803.08                    3460.04                0.00             4400.82
s305           146793.84                    2159.95             1300.09             2159.95
s306           259566.06                    3287.67              172.37             3287.67
s307            11172.20                     803.73             2656.31              803.73
s308           177732.17                    2469.33              990.71             2469.33
s309            49393.89                    1185.95             2274.09             1185.95
s310           276803.08                    3460.04                0.00             4643.70
s311           276803.08                    3460.04                0.00             3516.03
s312           121750.01                    1909.51             1550.53             1909.51
s313           197248.00                    2664.49              795.55             2664.49
s314           276803.08                    3460.04                0.00             4877.15
s315           246561.63                    3157.62              302.41             3157.62
s316           127939.31                    1971.40             1488.64             1971.40
s317            73704.92                    1429.06             2030.98             1429.06
s318           276803.08                    3460.04                0.00             3712.37
s319           214087.49                    2832.88              627.16             2832.88
s320           140542.93                    2097.44             1362.60             2097.44
s321           276803.08                    3460.04                0.00             3988.47
s322           276803.08                    3460.04                0.00             3661.53
s323           276803.08                    3460.04                0.00             4011.89
s324           276803.08                    3460.04                0.00             4058.98
s325           267343.10                    3365.44               94.60             3365.44
s326           254628.07                    3238.29              221.75             3238.29
s327            39816.96                    1090.18             2369.86             1090.18
s328           112730.17                    1819.31             1640.73             1819.31
s329           276803.08                    3460.04                0.00             3814.09
s330           168366.08                    2375.67             1084.37             2375.67
s331           276803.08                    3460.04                0.00             5231.73
s332           276803.08                    3460.04                0.00             4741.49
s333           276803.08                    3460.04                0.00             4013.90
s334           131773.26                    2009.74             1450.30             2009.74
s335           175496.09                    2446.97             1013.07             2446.97
s336           276803.08                    3460.04                0.00             3625.91
s337           276803.08                    3460.04                0.00             3998.73
s338           276803.08                    3460.04                0.00             4242.66
s339           257701.01                    3269.02              191.02             3269.02
s340           276803.08                    3460.04                0.00             4716.48
s341           276803.08                    3460.04                0.00             3750.90
s342           261749.89                    3309.51              150.53             3309.51
s343           144162.45                    2133.63             1326.41             2133.63
s344            79420.01                    1486.21             1973.83             1486.21
s345           261916.97                    3311.18              148.86             3311.18
s346           276803.08                    3460.04                0.00             3535.61
s347           276803.08                    3460.04                0.00             3813.00
s348           192731.51                    2619.32              840.72             2619.32
s349           135452.68                    2046.53             1413.50             2046.53
s350           216077.28                    2852.78              607.26             2852.78
s351           248746.31                    3179.47              280.57             3179.47
s352           190948.81                    2601.50              858.54             2601.50
s353            81775.85                    1509.77             1950.27             1509.77
s354           276803.08                    3460.04                0.00             3823.64
s355           276803.08                    3460.04                0.00             3571.74
s356           276803.08                    3460.04                0.00             3875.39
s357           276803.08                    3460.04                0.00             4280.25
s358           216003.60                    2852.04              607.99             2852.04
s359           276803.08                    3460.04                0.00             4265.23
s360            13320.50                     825.21             2634.83              825.21
s361            68336.59                    1375.37             2084.66             1375.37
s362           276803.08                    3460.04                0.00             4491.66
s363           172131.58                    2413.32             1046.72             2413.32
s364           124165.67                    1933.66             1526.37             1933.66
s365           276803.08                    3460.04                0.00             3642.06
s366           204687.88                    2738.89              721.15             2738.89
s367           226302.32                    2955.03              505.01             2955.03
s368           215043.38                    2842.44              617.60             2842.44
s369           257331.77                    3265.33              194.71             3265.33
s370           276803.08                    3460.04                0.00             3466.06
s371           236461.42                    3056.62              403.42             3056.62
s372           276803.08                    3460.04                0.00             3505.10
s373           276803.08                    3460.04                0.00             3691.91
s374           192282.67                    2614.83              845.20             2614.83
s375           171686.80                    2408.88             1051.16             2408.88
s376           276803.08                    3460.04                0.00             4552.70
s377           276803.08                    3460.04                0.00             3847.04
s378           232994.50                    3021.95              438.09             3021.95
s379           190858.84                    2600.60              859.44             2600.60
s380           190603.07                    2598.04              862.00             2598.04
s381            92357.93                    1615.59             1844.45             1615.59
s382           276803.08                    3460.04                0.00             4346.74
s383           142915.92                    2121.17             1338.87             2121.17
s384           276803.08                    3460.04                0.00             4960.92
s385           276528.10                    3457.29                2.75             3457.29
s386           175015.20                    2442.16             1017.88             2442.16
s387           262213.92                    3314.15              145.89             3314.15
s388           276803.08                    3460.04                0.00             4276.88
s389           274037.55                    3432.38               27.66             3432.38
s390           276803.08                    3460.04                0.00             4652.09
s391           241906.20                    3111.07              348.97             3111.07
s392           246203.71                    3154.04              305.99             3154.04
s393            62511.79                    1317.13             2142.91             1317.13
s394           144446.41                    2136.47             1323.57             2136.47
s395           276803.08                    3460.04                0.00             3474.49
s396           133318.77                    2025.20             1434.84             2025.20
s397           268512.70                    3377.13               82.90             3377.13
s398           276803.08                    3460.04                0.00             4474.91
s399           161449.64                    2306.50             1153.53             2306.50
s400           140695.27                    2098.96             1361.08             2098.96
s401           276803.08                    3460.04                0.00             4365.52
s402           276803.08                    3460.04                0.00             3741.04
s403           195637.70                    2648.38              811.65             2648.38
s404           276803.08                    3460.04                0.00             4094.50
s405           129401.33                    1986.02             1474.02             1986.02
s406           276803.08                    3460.04                0.00             3606.30
s407           267474.74                    3366.76               93.28             3366.76
s408           135385.97                    2045.87             1414.17             2045.87
s409           194061.45                    2632.62              827.42             2632.62
s410           215701.83                    2849.03              611.01             2849.03
s411           180278.16                    2494.79              965.25             2494.79
s412             5102.82                     743.04             2717.00              743.04
s413           242819.72                    3120.20              339.83             3120.20
s414           276803.08                    3460.04                0.00             3460.91
s415           276803.08                    3460.04                0.00             3868.88
s416           276803.08                    3460.04                0.00             3639.56
s417           268354.85                    3375.56               84.48             3375.56
s418           276803.08                    3460.04                0.00             3638.73
s419           276803.08                    3460.04                0.00             4999.04
s420             4516.45                     737.17             2722.87              737.17
s421           206879.60                    2760.80              699.23             2760.80
s422            97053.81                    1662.55             1797.49             1662.55
s423           276803.08                    3460.04                0.00             3469.41
s424           276803.08                    3460.04                0.00             3764.48
s425           232902.14                    3021.03              439.01             3021.03
s426           159979.14                    2291.80             1168.24             2291.80
s427           109675.71                    1788.76             1671.27             1788.76
s428           193777.92                    2629.79              830.25             2629.79
s429           276803.08                    3460.04                0.00             4474.03
s430           214674.67                    2838.75              621.28             2838.75
s431           148572.22                    2177.73             1282.31             2177.73
s432           201638.93                    2708.40              751.64             2708.40
s433            94182.18                    1633.83             1826.21             1633.83
s434           276803.08                    3460.04                0.00             3809.33
s435            44781.88                    1139.83             2320.21             1139.83
s436           207546.31                    2767.47              692.57             2767.47
s437           240149.69                    3093.50              366.53             3093.50
s438           276803.08                    3460.04                0.00             4122.92
s439           225296.29                    2944.97              515.07             2944.97
s440           127530.37                    1967.31             1492.73             1967.31
s441           -14129.36                     550.71             2909.32              550.71
s442           137976.95                    2071.78             1388.26             2071.78
s443           276803.08                    3460.04                0.00             3659.06
s444           276803.08                    3460.04                0.00             3847.68
s445           276803.08                    3460.04                0.00             3508.44
s446           276803.08                    3460.04                0.00             3547.67
s447           117798.02                    1869.99             1590.05             1869.99
s448           276803.08                    3460.04                0.00             4516.27
s449           276803.08                    3460.04                0.00             5292.89
s450           276803.08                    3460.04                0.00             4436.69
s451           203072.72                    2722.73              737.30             2722.73
s452           120066.24                    1892.67             1567.37             1892.67
s453           276803.08                    3460.04                0.00             3977.76
s454           276803.08                    3460.04                0.00             5742.93
s455           276803.08                    3460.04                0.00             4437.46
s456           110902.60                    1801.03             1659.00             1801.03
s457           196098.27                    2652.99              807.05             2652.99
s458           156025.62                    2252.26             1207.77             2252.26
s459            78805.76                    1480.07             1979.97             1480.07
s460           225370.43                    2945.71              514.33             2945.71
s461           276803.08                    3460.04                0.00             4208.20
s462           128729.49                    1979.30             1480.74             1979.30
s463           276803.08                    3460.04                0.00             4166.14
s464           276803.08                    3460.04                0.00             3774.74
s465            76793.48                    1459.94             2000.10             1459.94
s466           246619.08                    3158.20              301.84             3158.20
s467            99750.02                    1689.51             1770.53             1689.51
s468           -52545.65                     166.55             3293.49              166.55
s469           -69200.77                       0.00             3460.04                0.00
s470           276803.08                    3460.04                0.00             4851.84
s471           276803.08                    3460.04                0.00             3980.06
s472           206548.25                    2757.49              702.55             2757.49
s473           211621.28                    2808.22              651.82             2808.22
s474           108343.95                    1775.45             1684.59             1775.45
s475           212336.57                    2815.37              644.67             2815.37
s476           276803.08                    3460.04                0.00             5157.40
s477            44371.77                    1135.73             2324.31             1135.73
s478           276803.08                    3460.04                0.00             3904.70
s479           219045.92                    2882.47              577.57             2882.47
s480           276803.08                    3460.04                0.00             4877.46
s481           128351.26                    1975.52             1484.52             1975.52
s482           157298.89                    2265.00             1195.04             2265.00
s483           276803.08                    3460.04                0.00             3968.11
s484           276803.08                    3460.04                0.00             5149.28
s485             8527.14                     777.28             2682.76              777.28
s486            26605.10                     958.06             2501.98              958.06
s487           276803.08                    3460.04                0.00             4284.70
s488           263524.03                    3327.25              132.79             3327.25
s489           276803.08                    3460.04                0.00             5573.77
s490           276803.08                    3460.04                0.00             4540.77
s491           276803.08                    3460.04                0.00             3802.55
s492           244330.97                    3135.32              324.72             3135.32
s493           257209.46                    3264.10              195.94             3264.10
s494           143195.62                    2123.96             1336.07             2123.96
s495           218448.57                    2876.49              583.55             2876.49
s496           107871.97                    1770.73             1689.31             1770.73
s497           236699.77                    3059.01              401.03             3059.01
s498           219479.69                    2886.80              573.23             2886.80
s499           236624.58                    3058.25              401.79             3058.25
s500           276803.08                    3460.04                0.00             5004.41
s501           255173.07                    3243.74              216.30             3243.74
s502           276803.08                    3460.04                0.00             3776.77
s503            90221.61                    1594.22             1865.81             1594.22
s504           135632.13                    2048.33             1411.71             2048.33
s505           272668.37                    3418.69               41.35             3418.69
s506           217067.14                    2862.68              597.36             2862.68
s507           276803.08                    3460.04                0.00             5600.52
s508           276803.08                    3460.04                0.00             4239.73
s509            80448.63                    1496.49             1963.54             1496.49
s510           144556.04                    2137.57             1322.47             2137.57
s511           162115.86                    2313.17             1146.87             2313.17
s512           -69200.77                       0.00             3460.04                0.00
s513           276803.08                    3460.04                0.00             4519.56
s514           122161.61                    1913.62             1546.41             1913.62
s515           106685.02                    1758.86             1701.18             1758.86
s516           272846.30                    3420.47               39.57             3420.47
s517           187644.59                    2568.45              891.58             2568.45
s518           197147.19                    2663.48              796.56             2663.48
s519           276803.08                    3460.04                0.00             4059.48
s520           276803.08                    3460.04                0.00             4541.30
s521           188727.61                    2579.28              880.75             2579.28
s522           276803.08                    3460.04                0.00             3507.74
s523           148661.71                    2178.62             1281.41             2178.62
s524           178141.32                    2473.42              986.62             2473.42
s525           276803.08                    3460.04                0.00             5093.49
s526           276803.08                    3460.04                0.00             4286.58
s527           276803.08                    3460.04                0.00             4157.60
s528            78241.40                    1474.42             1985.62             1474.42
s529           214032.39                    2832.33              627.71             2832.33
s530           276803.08                    3460.04                0.00             4563.53
s531           276803.08                    3460.04                0.00             4719.79
s532           276803.08                    3460.04                0.00             4085.64
s533           276803.08                    3460.04                0.00             3501.71
s534           276803.08                    3460.04                0.00             3799.83
s535           109350.40                    1785.51             1674.53             1785.51
s536           276803.08                    3460.04                0.00             4811.28
s537           -59610.40                      95.90             3364.13               95.90
s538           276803.08                    3460.04                0.00             4215.52
s539           276803.08                    3460.04                0.00             3571.54
s540           276803.08                    3460.04                0.00             7522.15
s541           172685.86                    2418.87             1041.17             2418.87
s542           193517.22                    2627.18              832.86             2627.18
s543           139156.65                    2083.57             1376.46             2083.57
s544           217575.25                    2867.76              592.28             2867.76
s545           276803.08                    3460.04                0.00             5482.97
s546           276803.08                    3460.04                0.00             5798.91
s547           276803.08                    3460.04                0.00             3490.85
s548           182569.92                    2517.71              942.33             2517.71
s549           180711.31                    2499.12              960.92             2499.12
s550           249252.07                    3184.53              275.51             3184.53
s551           221685.32                    2908.86              551.18             2908.86
s552           276803.08                    3460.04                0.00             4173.97
s553           276803.08                    3460.04                0.00             3492.64
s554           276803.08                    3460.04                0.00             3513.33
s555           165674.28                    2348.75             1111.29             2348.75
s556           246229.20                    3154.30              305.74             3154.30
s557           222415.87                    2916.17              543.87             2916.17
s558           276803.08                    3460.04                0.00             4101.17
s559           187846.36                    2570.47              889.57             2570.47
s560           271937.77                    3411.39               48.65             3411.39
s561           112617.26                    1818.18             1641.86             1818.18
s562           205408.42                    2746.09              713.95             2746.09
s563           276803.08                    3460.04                0.00             3901.73
s564           276803.08                    3460.04                0.00             5689.53
s565           110370.92                    1795.72             1664.32             1795.72
s566           276803.08                    3460.04                0.00             3905.11
s567           251706.42                    3209.07              250.97             3209.07
s568           257044.10                    3262.45              197.59             3262.45
s569           276803.08                    3460.04                0.00             3744.22
s570           197737.80                    2669.39              790.65             2669.39
s571           240102.67                    3093.03              367.00             3093.03
s572           269118.19                    3383.19               76.85             3383.19
s573            87854.54                    1570.55             1889.49             1570.55
s574           186941.92                    2561.43              898.61             2561.43
s575           156712.40                    2259.13             1200.91             2259.13
s576           276803.08                    3460.04                0.00             3750.27
s577           207857.76                    2770.59              689.45             2770.59
s578           276803.08                    3460.04                0.00             4654.49
s579           276803.08                    3460.04                0.00             4768.81
s580           276803.08                    3460.04                0.00             4351.39
s581            93997.69                    1631.98             1828.05             1631.98
s582           227481.03                    2966.82              493.22             2966.82
s583           276803.08                    3460.04                0.00             5124.28
s584           276803.08                    3460.04                0.00             4248.87
s585           239407.64                    3086.08              373.95             3086.08
s586           276803.08                    3460.04                0.00             7593.80
s587           276803.08                    3460.04                0.00             3471.66
s588           276803.08                    3460.04                0.00             4924.71
s589           198319.22                    2675.20              784.84             2675.20
s590            53784.53                    1229.85             2230.19             1229.85
s591           167525.18                    2367.26             1092.78             2367.26
s592           158568.69                    2277.69             1182.34             2277.69
s593           137568.66                    2067.69             1392.34             2067.69
s594           157169.85                    2263.71             1196.33             2263.71
s595           276803.08                    3460.04                0.00             3963.16
s596           276803.08                    3460.04                0.00             5070.30
s597           276803.08                    3460.04                0.00             4209.78
s598           272009.87                    3412.11               47.93             3412.11
s599           276803.08                    3460.04                0.00             4584.96
s600           195039.24                    2642.40              817.64             2642.40
s601           -18782.57                     504.18             2955.86              504.18
s602           276803.08                    3460.04                0.00             3611.60
s603           234372.82                    3035.74              424.30             3035.74
s604           201864.48                    2710.65              749.39             2710.65
s605           276803.08                    3460.04                0.00             4724.58
s606           106663.42                    1758.64             1701.40             1758.64
s607           260614.72                    3298.15              161.88             3298.15
s608           204978.46                    2741.79              718.25             2741.79
s609           276803.08                    3460.04                0.00             4303.92
s610           276803.08                    3460.04                0.00             4109.20
s611           146238.98                    2154.40             1305.64             2154.40
s612           194731.84                    2639.33              820.71             2639.33
s613           276803.08                    3460.04                0.00             4013.52
s614           276803.08                    3460.04                0.00             4473.59
s615           276803.08                    3460.04                0.00             4371.24
s616           248596.69                    3177.97              282.06             3177.97
s617           276803.08                    3460.04                0.00             4257.30
s618           271445.18                    3406.46               53.58             3406.46
s619           276803.08                    3460.04                0.00             4453.38
s620           276803.08                    3460.04                0.00             3915.61
s621           276803.08                    3460.04                0.00             4992.72
s622           208189.62                    2773.90              686.13             2773.90
s623           189210.80                    2584.12              875.92             2584.12
s624           276803.08                    3460.04                0.00             4588.58
s625           276803.08                    3460.04                0.00             4264.39
s626           276803.08                    3460.04                0.00             3739.13
s627           211617.84                    2808.19              651.85             2808.19
s628           256433.73                    3256.34              203.69             3256.34
s629           267446.65                    3366.47               93.56             3366.47
s630           276803.08                    3460.04                0.00             3784.30
s631           276803.08                    3460.04                0.00             4524.95
s632           276803.08                    3460.04                0.00             4458.47
s633           110846.68                    1800.47             1659.56             1800.47
s634           276803.08                    3460.04                0.00             5114.79
s635           225878.11                    2950.79              509.25             2950.79
s636           132519.60                    2017.20             1442.83             2017.20
s637           177404.21                    2466.05              993.99             2466.05
s638           223138.67                    2923.39              536.64             2923.39
s639           164546.08                    2337.47             1122.57             2337.47
s640           276803.08                    3460.04                0.00             4123.54
s641           204747.26                    2739.48              720.56             2739.48
s642           264802.42                    3340.03              120.01             3340.03
s643           276803.08                    3460.04                0.00             6148.19
s644           197275.75                    2664.77              795.27             2664.77
s645           236137.19                    3053.38              406.66             3053.38
s646           276803.08                    3460.04                0.00             4276.87
s647           276803.08                    3460.04                0.00             4848.35
s648           254185.99                    3233.87              226.17             3233.87
s649           231927.90                    3011.29              448.75             3011.29
s650           141167.76                    2103.69             1356.35             2103.69
s651           276803.08                    3460.04                0.00             3761.10
s652           256275.87                    3254.77              205.27             3254.77
s653           276803.08                    3460.04                0.00             4348.52
s654           184885.66                    2540.86              919.17             2540.86
s655           228326.86                    2975.28              484.76             2975.28
s656           181784.34                    2509.85              950.19             2509.85
s657           200484.49                    2696.85              763.19             2696.85
s658           246690.76                    3158.92              301.12             3158.92
s659           119299.56                    1885.00             1575.04             1885.00
s660           198521.09                    2677.22              782.82             2677.22
s661           186148.39                    2553.49              906.55             2553.49
s662           276803.08                    3460.04                0.00             3630.06
s663            69783.97                    1389.85             2070.19             1389.85
s664           276803.08                    3460.04                0.00             4542.15
s665           276803.08                    3460.04                0.00             4662.61
s666           189270.67                    2584.71              875.32             2584.71
s667           276803.08                    3460.04                0.00             3575.80
s668           220407.97                    2896.09              563.95             2896.09
s669           276803.08                    3460.04                0.00             3548.42
s670           276803.08                    3460.04                0.00             3501.09
s671           276803.08                    3460.04                0.00             4540.04
s672           216577.12                    2857.78              602.26             2857.78
s673           276803.08                    3460.04                0.00             4653.68
s674           276803.08                    3460.04                0.00             3767.87
s675           220715.93                    2899.17              560.87             2899.17
s676           205005.83                    2742.07              717.97             2742.07
s677           276803.08                    3460.04                0.00             4484.41
s678           276803.08                    3460.04                0.00             4083.43
s679           196682.23                    2658.83              801.21             2658.83
s680           188166.69                    2573.67              886.36             2573.67
s681           276803.08                    3460.04                0.00             4668.63
s682           276803.08                    3460.04                0.00             3964.22
s683           276803.08                    3460.04                0.00             3851.53
s684           138382.37                    2075.83             1384.21             2075.83
s685           276803.08                    3460.04                0.00             5428.32
s686           269829.09                    3390.30               69.74             3390.30
s687           276803.08                    3460.04                0.00             5149.09
s688           276803.08                    3460.04                0.00             4067.76
s689           263389.31                    3325.90              134.14             3325.90
s690           276803.08                    3460.04                0.00             3829.42
s691           276803.08                    3460.04                0.00             4115.61
s692           276803.08                    3460.04                0.00             4347.75
s693             4365.35                     735.66             2724.38              735.66
s694           276803.08                    3460.04                0.00             3649.71
s695           234810.47                    3040.11              419.93             3040.11
s696            66158.45                    1353.59             2106.45             1353.59
s697           276803.08                    3460.04                0.00             3651.63
s698           276803.08                    3460.04                0.00             3534.01
s699           231832.53                    3010.33              449.71             3010.33
s700           276803.08                    3460.04                0.00             4274.63
s701           128793.19                    1979.94             1480.10             1979.94
s702            55172.31                    1243.73             2216.31             1243.73
s703           155563.99                    2247.65             1212.39             2247.65
s704           255732.85                    3249.34              210.70             3249.34
s705           276803.08                    3460.04                0.00             6014.80
s706           220279.87                    2894.81              565.23             2894.81
s707           276803.08                    3460.04                0.00             4027.67
s708           259419.06                    3286.20              173.84             3286.20
s709           276803.08                    3460.04                0.00             3765.58
s710           276803.08                    3460.04                0.00             3485.44
s711           185910.65                    2551.11              908.92             2551.11
s712           164761.60                    2339.62             1120.41             2339.62
s713            45805.81                    1150.07             2309.97             1150.07
s714           214978.04                    2841.79              618.25             2841.79
s715           143893.29                    2130.94             1329.10             2130.94
s716           276803.08                    3460.04                0.00             4778.89
s717           193334.29                    2625.35              834.69             2625.35
s718             -417.99                     687.83             2772.21              687.83
s719           159985.56                    2291.86             1168.18             2291.86
s720           217762.84                    2869.64              590.40             2869.64
s721           276803.08                    3460.04                0.00             3937.43
s722           276803.08                    3460.04                0.00             3947.75
s723           276803.08                    3460.04                0.00             4839.66
s724           181934.43                    2511.35              948.69             2511.35
s725           117181.10                    1863.82             1596.22             1863.82
s726           142567.22                    2117.68             1342.36             2117.68
s727           124132.35                    1933.33             1526.71             1933.33
s728           276803.08                    3460.04                0.00             3653.99
s729            -6285.17                     629.16             2830.88              629.16
s730           255924.73                    3251.25              208.78             3251.25
s731           276803.08                    3460.04                0.00             4295.44
s732           256795.61                    3259.96              200.07             3259.96
s733           276803.08                    3460.04                0.00             4070.31
s734           276803.08                    3460.04                0.00             4456.71
s735           206806.96                    2760.08              699.96             2760.08
s736           276803.08                    3460.04                0.00             3740.01
s737            82888.26                    1520.89             1939.15             1520.89
s738           276803.08                    3460.04                0.00             4058.69
s739           276803.08                    3460.04                0.00             3758.47
s740            13681.02                     828.82             2631.22              828.82
s741           168053.28                    2372.54             1087.50             2372.54
s742           276803.08                    3460.04                0.00             3671.03
s743           276803.08                    3460.04                0.00             4454.55
s744           155577.40                    2247.78             1212.26             2247.78
s745            11474.04                     806.75             2653.29              806.75
s746           241666.68                    3108.67              351.36             3108.67
s747           176747.91                    2459.49             1000.55             2459.49
s748           244041.94                    3132.43              327.61             3132.43
s749            70808.65                    1400.09             2059.94             1400.09
s750           227291.99                    2964.93              495.11             2964.93
s751            79937.35                    1491.38             1968.66             1491.38
s752           276803.08                    3460.04                0.00             4327.13
s753           276803.08                    3460.04                0.00             3808.48
s754           276803.08                    3460.04                0.00             4308.15
s755           219854.38                    2890.55              569.49             2890.55
s756           200370.16                    2695.71              764.33             2695.71
s757           110502.81                    1797.04             1663.00             1797.04
s758           213700.87                    2829.02              631.02             2829.02
s759           139438.71                    2086.39             1373.64             2086.39
s760           233353.30                    3025.54              434.50             3025.54
s761           178050.97                    2472.52              987.52             2472.52
s762           -63660.57                      55.40             3404.64               55.40
s763           274359.80                    3435.61               24.43             3435.61
s764           212383.72                    2815.84              644.19             2815.84
s765           276803.08                    3460.04                0.00             3909.41
s766           207850.09                    2770.51              689.53             2770.51
s767           235720.10                    3049.21              410.83             3049.21
s768           276803.08                    3460.04                0.00             4192.51
s769           276803.08                    3460.04                0.00             3692.80
s770           187621.92                    2568.23              891.81             2568.23
s771           139664.76                    2088.66             1371.38             2088.66
s772           182387.08                    2515.88              944.16             2515.88
s773           231621.52                    3008.22              451.82             3008.22
s774           107654.03                    1768.55             1691.49             1768.55
s775           276803.08                    3460.04                0.00             4207.64
s776            21049.45                     902.50             2557.54              902.50
s777           258419.21                    3276.20              183.84             3276.20
s778           276803.08                    3460.04                0.00             3550.82
s779           252074.54                    3212.75              247.29             3212.75
s780           179981.36                    2491.82              968.22             2491.82
s781           276803.08                    3460.04                0.00             3637.04
s782           276803.08                    3460.04                0.00             4725.85
s783           184592.54                    2537.93              922.11             2537.93
s784           276803.08                    3460.04                0.00             4100.33
s785           163169.47                    2323.70             1136.34             2323.70
s786           276803.08                    3460.04                0.00             4138.65
s787           222866.73                    2920.68              539.36             2920.68
s788           276803.08                    3460.04                0.00             4745.56
s789           276803.08                    3460.04                0.00             4852.44
s790           119179.27                    1883.80             1576.24             1883.80
s791           276803.08                    3460.04                0.00             4321.98
s792           199362.95                    2685.64              774.40             2685.64
s793           276803.08                    3460.04                0.00             6035.53
s794           106714.40                    1759.15             1700.89             1759.15
s795           121971.48                    1911.72             1548.32             1911.72
s796           276803.08                    3460.04                0.00             3664.80
s797           114250.56                    1834.51             1625.53             1834.51
s798           104053.12                    1732.54             1727.50             1732.54
s799           267786.29                    3369.87               90.17             3369.87
s800           215137.57                    2843.38              616.66             2843.38
s801           276803.08                    3460.04                0.00             4641.19
s802           276803.08                    3460.04                0.00             5818.94
s803           110252.90                    1794.54             1665.50             1794.54
s804           276803.08                    3460.04                0.00             3717.57
s805           257199.13                    3264.00              196.04             3264.00
s806           276803.08                    3460.04                0.00             3780.96
s807           192203.18                    2614.04              846.00             2614.04
s808           168524.55                    2377.25             1082.79             2377.25
s809           193720.78                    2629.22              830.82             2629.22
s810            66696.60                    1358.97             2101.06             1358.97
s811           276803.08                    3460.04                0.00             4518.49
s812           173534.99                    2427.36             1032.68             2427.36
s813           171034.16                    2402.35             1057.69             2402.35
s814           276803.08                    3460.04                0.00             4131.85
s815           276803.08                    3460.04                0.00             4064.17
s816           258551.49                    3277.52              182.52             3277.52
s817           260778.41                    3299.79              160.25             3299.79
s818           276803.08                    3460.04                0.00             4043.74
s819           276803.08                    3460.04                0.00             3970.90
s820           276803.08                    3460.04                0.00             4488.34
s821           276803.08                    3460.04                0.00             5108.29
s822           176504.74                    2457.06             1002.98             2457.06
s823           264285.25                    3334.86              125.18             3334.86
s824           237640.72                    3068.41              391.62             3068.41
s825           276803.08                    3460.04                0.00             3674.90
s826           221988.91                    2911.90              548.14             2911.90
s827           276803.08                    3460.04                0.00             5314.43
s828           226019.99                    2952.21              507.83             2952.21
s829           276803.08                    3460.04                0.00             3773.81
s830           276803.08                    3460.04                0.00             4418.07
s831           267091.60                    3362.92               97.11             3362.92
s832           276803.08                    3460.04                0.00             3515.08
s833           276803.08                    3460.04                0.00             5286.51
s834           276803.08                    3460.04                0.00             6320.49
s835           276803.08                    3460.04                0.00             4355.46
s836           276803.08                    3460.04                0.00             3765.63
s837           143408.91                    2126.10             1333.94             2126.10
s838           276803.08                    3460.04                0.00             4085.26
s839           116276.32                    1854.77             1605.27             1854.77
s840           276803.08                    3460.04                0.00             3674.04
s841            46338.39                    1155.39             2304.65             1155.39
s842           276803.08                    3460.04                0.00             4315.15
s843           148782.73                    2179.84             1280.20             2179.84
s844           210844.37                    2800.45              659.59             2800.45
s845           134593.80                    2037.95             1422.09             2037.95
s846           239716.65                    3089.17              370.86             3089.17
s847           276803.08                    3460.04                0.00             4255.98
s848           181225.21                    2504.26              955.78             2504.26
s849           156674.61                    2258.75             1201.28             2258.75
s850           143250.07                    2124.51             1335.53             2124.51
s851           276803.08                    3460.04                0.00             3758.65
s852           147036.54                    2162.37             1297.67             2162.37
s853           121358.13                    1905.59             1554.45             1905.59
s854           276803.08                    3460.04                0.00             3953.91
s855           276803.08                    3460.04                0.00             4347.45
s856           272992.40                    3421.93               38.11             3421.93
s857           157484.15                    2266.85             1193.19             2266.85
s858           203189.41                    2723.90              736.14             2723.90
s859           276803.08                    3460.04                0.00             3705.26
s860           213164.55                    2823.65              636.39             2823.65
s861           171694.70                    2408.95             1051.08             2408.95
s862           264596.17                    3337.97              122.07             3337.97
s863           127137.24                    1963.38             1496.66             1963.38
s864           274049.26                    3432.50               27.54             3432.50
s865           276803.08                    3460.04                0.00             5001.26
s866           276803.08                    3460.04                0.00             7977.10
s867           177243.07                    2464.44              995.60             2464.44
s868           219313.92                    2885.15              574.89             2885.15
s869           154479.22                    2236.80             1223.24             2236.80
s870           169091.05                    2382.92             1077.12             2382.92
s871           150715.07                    2199.16             1260.88             2199.16
s872           150688.50                    2198.89             1261.15             2198.89
s873           234237.04                    3034.38              425.66             3034.38
s874           276803.08                    3460.04                0.00             3577.90
s875           276803.08                    3460.04                0.00             4002.71
s876           230937.67                    3001.38              458.65             3001.38
s877           276803.08                    3460.04                0.00             4951.93
s878           276803.08                    3460.04                0.00             3797.28
s879            55908.87                    1251.10             2208.94             1251.10
s880           184605.54                    2538.06              921.98             2538.06
s881           276803.08                    3460.04                0.00             3570.62
s882           185965.31                    2551.66              908.38             2551.66
s883             4823.21                     740.24             2719.80              740.24
s884           276803.08                    3460.04                0.00             4285.79
s885           108968.83                    1781.70             1678.34             1781.70
s886           276803.08                    3460.04                0.00             4272.92
s887           276803.08                    3460.04                0.00             5247.82
s888           276803.08                    3460.04                0.00             4328.85
s889           276803.08                    3460.04                0.00             4683.40
s890           254844.07                    3240.45              219.59             3240.45
s891           276803.08                    3460.04                0.00             3837.92
s892           276803.08                    3460.04                0.00             4093.52
s893           141720.30                    2109.21             1350.83             2109.21
s894           174764.78                    2439.66             1020.38             2439.66
s895           102792.69                    1719.93             1740.10             1719.93
s896           161100.02                    2303.01             1157.03             2303.01
s897           213461.22                    2826.62              633.42             2826.62
s898           242531.48                    3117.32              342.72             3117.32
s899           267617.96                    3368.19               91.85             3368.19
s900           108859.40                    1780.60             1679.44             1780.60
s901           145128.36                    2143.29             1316.75             2143.29
s902           189403.91                    2586.05              873.99             2586.05
s903           177882.17                    2470.83              989.21             2470.83
s904           276803.08                    3460.04                0.00             3756.06
s905           126311.71                    1955.12             1504.91             1955.12
s906           276803.08                    3460.04                0.00             5392.87
s907           276803.08                    3460.04                0.00             4079.70
s908           276803.08                    3460.04                0.00             3558.27
s909           276803.08                    3460.04                0.00             4381.37
s910           236798.28                    3059.99              400.05             3059.99
s911           170767.17                    2399.68             1060.36             2399.68
s912           276803.08                    3460.04                0.00             4581.84
s913             9082.35                     782.83             2677.21              782.83
s914           207001.53                    2762.02              698.02             2762.02
s915           276803.08                    3460.04                0.00             3898.20
s916           276803.08                    3460.04                0.00             3460.04
s917           130010.29                    1992.11             1467.93             1992.11
s918           129186.10                    1983.87             1476.17             1983.87
s919           106611.52                    1758.12             1701.92             1758.12
s920           247089.53                    3162.90              297.14             3162.90
s921           204360.19                    2735.61              724.43             2735.61
s922            84039.38                    1532.40             1927.64             1532.40
s923            55325.77                    1245.27             2214.77             1245.27
s924           276803.08                    3460.04                0.00             4490.77
s925            65984.03                    1351.85             2108.19             1351.85
s926           276803.08                    3460.04                0.00             4043.23
s927           151105.20                    2203.06             1256.98             2203.06
s928           174796.48                    2439.97             1020.07             2439.97
s929           198784.60                    2679.85              780.18             2679.85
s930           225446.72                    2946.47              513.56             2946.47
s931           276803.08                    3460.04                0.00             4224.48
s932           248646.48                    3178.47              281.57             3178.47
s933           202588.07                    2717.89              742.15             2717.89
s934            95073.32                    1642.74             1817.30             1642.74
s935           276803.08                    3460.04                0.00             4141.19
s936           276803.08                    3460.04                0.00             4604.39
s937           276803.08                    3460.04                0.00             4878.64
s938           170613.43                    2398.14             1061.90             2398.14
s939           -20117.68                     490.83             2969.21              490.83
s940           223739.47                    2929.40              530.64             2929.40
s941           276803.08                    3460.04                0.00             4826.24
s942           230997.11                    3001.98              458.06             3001.98
s943           152924.64                    2221.25             1238.78             2221.25
s944           184054.95                    2532.56              927.48             2532.56
s945           151423.44                    2206.24             1253.80             2206.24
s946           268066.53                    3372.67               87.37             3372.67
s947           159769.83                    2289.71             1170.33             2289.71
s948           125901.91                    1951.03             1509.01             1951.03
s949            22602.38                     918.03             2542.01              918.03
s950           205196.25                    2743.97              716.07             2743.97
s951           276803.08                    3460.04                0.00             3473.07
s952           276803.08                    3460.04                0.00             3642.63
s953           172362.95                    2415.64             1044.40             2415.64
s954           276803.08                    3460.04                0.00             4806.45
s955           276803.08                    3460.04                0.00             4026.91
s956           149988.29                    2191.89             1268.15             2191.89
s957           229047.56                    2982.48              477.56             2982.48
s958           255736.20                    3249.37              210.67             3249.37
s959           198802.62                    2680.03              780.00             2680.03
s960           276803.08                    3460.04                0.00             4830.69
s961           276803.08                    3460.04                0.00             3702.37
s962           270156.99                    3393.58               66.46             3393.58
s963           276803.08                    3460.04                0.00             3772.40
s964           237756.97                    3069.58              390.46             3069.58
s965           276803.08                    3460.04                0.00             4851.12
s966           276803.08                    3460.04                0.00             3986.17
s967           276803.08                    3460.04                0.00             3605.83
s968           276803.08                    3460.04                0.00             3650.21
s969            97870.87                    1670.72             1789.32             1670.72
s970           276803.08                    3460.04                0.00             4612.46
s971            32573.82                    1017.75             2442.29             1017.75
s972           136785.98                    2059.87             1400.17             2059.87
s973           276803.08                    3460.04                0.00             3590.05
s974           276803.08                    3460.04                0.00             3942.83
s975           276803.08                    3460.04                0.00             3810.33
s976           276803.08                    3460.04                0.00             4394.38
s977           165333.57                    2345.34             1114.70             2345.34
s978           276803.08                    3460.04                0.00             3999.53
s979           110111.74                    1793.13             1666.91             1793.13
s980           276803.08                    3460.04                0.00             3756.12
s981           276803.08                    3460.04                0.00             3606.26
s982            92066.76                    1612.68             1847.36             1612.68
s983           276803.08                    3460.04                0.00             3544.87
s984           128418.55                    1976.19             1483.85             1976.19
s985           195492.60                    2646.93              813.10             2646.93
s986           276803.08                    3460.04                0.00             3771.61
s987           183399.31                    2526.00              934.04             2526.00
s988           276803.08                    3460.04                0.00             6155.41
s989           276803.08                    3460.04                0.00             3874.54
s990           224914.41                    2941.15              518.89             2941.15
s991           132112.59                    2013.13             1446.90             2013.13
s992           276803.08                    3460.04                0.00             5211.91
s993           142630.75                    2118.32             1341.72             2118.32
s994           240005.71                    3092.06              367.97             3092.06
s995            21122.25                     903.23             2556.81              903.23
s996           108841.67                    1780.42             1679.61             1780.42
s997           120758.33                    1899.59             1560.45             1899.59
s998           170217.98                    2394.19             1065.85             2394.19
s999           181329.49                    2505.30              954.74             2505.30
s1000          213303.30                    2825.04              635.00             2825.04
