Orders             Exp_profit          Exp_sales           Exp_lost_sales      Exp_leftover        Stockout_prob

     4091.27          219833.87             3016.59              120.58             1074.68                0.20



Scenario           Profit              Sales               Leftover_inv        demand
s1             236999.63                    3188.25              903.02             3188.25
s2             302060.65                    3838.86              252.41             3838.86
s3              73442.46                    1552.68             2538.59             1552.68
s4             234468.68                    3162.94              928.33             3162.94
s5              78759.66                    1605.85             2485.42             1605.85
s6             166257.51                    2480.83             1610.44             2480.83
s7             274565.74                    3563.91              527.36             3563.91
s8             108894.85                    1907.20             2184.07             1907.20
s9             315654.69                    3974.80              116.47             3974.80
s10            -81825.41                       0.00             4091.27                0.00
s11            189718.31                    2715.44             1375.83             2715.44
s12            119912.72                    2017.38             2073.89             2017.38
s13            184398.68                    2662.24             1429.03             2662.24
s14            327301.63                    4091.27                0.00             4485.04
s15            196960.20                    2787.86             1303.41             2787.86
s16            164900.19                    2467.26             1624.01             2467.26
s17            327301.63                    4091.27                0.00             4192.53
s18            205174.50                    2870.00             1221.27             2870.00
s19            187133.66                    2689.59             1401.68             2689.59
s20            170815.66                    2526.41             1564.86             2526.41
s21            327301.63                    4091.27                0.00             4091.27
s22            248939.75                    3307.65              783.62             3307.65
s23            327301.63                    4091.27                0.00             4714.17
s24             54861.24                    1366.87             2724.40             1366.87
s25            327301.63                    4091.27                0.00             4182.56
s26            -77060.01                      47.65             4043.62               47.65
s27            304859.62                    3866.85              224.42             3866.85
s28            323071.29                    4048.97               42.30             4048.97
s29            327233.43                    4090.59                0.68             4090.59
s30            327301.63                    4091.27                0.00             4408.84
s31            251025.77                    3328.51              762.76             3328.51
s32            248355.70                    3301.81              789.46             3301.81
s33            305622.39                    3874.48              216.79             3874.48
s34            308917.38                    3907.43              183.84             3907.43
s35            214417.00                    2962.42             1128.85             2962.42
s36            232304.82                    3141.30              949.97             3141.30
s37            282985.43                    3648.11              443.16             3648.11
s38            286284.75                    3681.10              410.17             3681.10
s39            327301.63                    4091.27                0.00             5003.22
s40            256017.14                    3378.43              712.84             3378.43
s41            327301.63                    4091.27                0.00             5107.10
s42            104977.39                    1868.03             2223.24             1868.03
s43            191802.42                    2736.28             1354.99             2736.28
s44            -60219.02                     216.06             3875.21              216.06
s45            203703.61                    2855.29             1235.98             2855.29
s46             79502.37                    1613.28             2477.99             1613.28
s47            108562.69                    1903.88             2187.39             1903.88
s48            233070.41                    3148.96              942.31             3148.96
s49            327301.63                    4091.27                0.00             4403.85
s50            314629.34                    3964.55              126.72             3964.55
s51            210773.78                    2925.99             1165.28             2925.99
s52            327301.63                    4091.27                0.00             4750.87
s53            107013.81                    1888.39             2202.88             1888.39
s54            164131.77                    2459.57             1631.70             2459.57
s55            179901.42                    2617.27             1474.00             2617.27
s56            146980.38                    2288.06             1803.21             2288.06
s57            276684.46                    3585.10              506.17             3585.10
s58            327301.63                    4091.27                0.00             4368.33
s59            327301.63                    4091.27                0.00             4971.11
s60             60973.69                    1427.99             2663.28             1427.99
s61            327301.63                    4091.27                0.00             4248.76
s62            327301.63                    4091.27                0.00             4121.00
s63            112907.08                    1947.32             2143.95             1947.32
s64             90213.30                    1720.39             2370.88             1720.39
s65            327301.63                    4091.27                0.00             4508.10
s66            192700.86                    2745.26             1346.01             2745.26
s67            158256.44                    2400.82             1690.45             2400.82
s68            238367.98                    3201.93              889.34             3201.93
s69            156068.32                    2378.94             1712.33             2378.94
s70            167306.48                    2491.32             1599.95             2491.32
s71            173305.73                    2551.31             1539.96             2551.31
s72            177501.10                    2593.27             1498.01             2593.27
s73            327301.63                    4091.27                0.00             7010.74
s74            313819.81                    3956.45              134.82             3956.45
s75             95258.34                    1770.84             2320.43             1770.84
s76            305271.71                    3870.97              220.30             3870.97
s77             25040.74                    1068.66             3022.61             1068.66
s78            292780.39                    3746.06              345.21             3746.06
s79            327301.63                    4091.27                0.00             4210.24
s80            307273.13                    3890.99              200.29             3890.99
s81             48762.04                    1305.87             2785.40             1305.87
s82            268002.04                    3498.27              593.00             3498.27
s83            237960.42                    3197.86              893.41             3197.86
s84            119187.24                    2010.13             2081.14             2010.13
s85            140399.38                    2222.25             1869.02             2222.25
s86            175029.69                    2568.55             1522.72             2568.55
s87            289075.85                    3709.01              382.26             3709.01
s88            283699.33                    3655.25              436.02             3655.25
s89            263031.32                    3448.57              642.70             3448.57
s90             97926.59                    1797.52             2293.75             1797.52
s91            327301.63                    4091.27                0.00             4424.47
s92            327301.63                    4091.27                0.00             4349.05
s93            160793.91                    2426.19             1665.08             2426.19
s94            293793.40                    3756.19              335.08             3756.19
s95            212210.24                    2940.36             1150.91             2940.36
s96            194787.44                    2766.13             1325.14             2766.13
s97            313863.03                    3956.88              134.39             3956.88
s98            165745.06                    2475.70             1615.57             2475.70
s99            214864.13                    2966.90             1124.38             2966.90
s100            70366.42                    1521.92             2569.35             1521.92
s101           327301.63                    4091.27                0.00             4327.76
s102           244286.16                    3261.12              830.15             3261.12
s103           104166.67                    1859.92             2231.35             1859.92
s104            78089.49                    1599.15             2492.12             1599.15
s105           314122.04                    3959.47              131.80             3959.47
s106           261623.29                    3434.49              656.78             3434.49
s107           168259.50                    2500.85             1590.42             2500.85
s108            51283.74                    1331.09             2760.18             1331.09
s109           133480.38                    2153.06             1938.21             2153.06
s110           327301.63                    4091.27                0.00             4339.83
s111           327301.63                    4091.27                0.00             5598.15
s112           169760.16                    2515.86             1575.41             2515.86
s113           -45087.67                     367.38             3723.89              367.38
s114           228168.33                    3099.94              991.33             3099.94
s115           327301.63                    4091.27                0.00             4296.38
s116           246287.83                    3281.13              810.14             3281.13
s117           164304.54                    2461.30             1629.97             2461.30
s118           220090.14                    3019.16             1072.11             3019.16
s119           227855.18                    3096.81              994.46             3096.81
s120           300061.42                    3818.87              272.40             3818.87
s121           194205.60                    2760.31             1330.96             2760.31
s122           308775.01                    3906.00              185.27             3906.00
s123            75632.78                    1574.58             2516.69             1574.58
s124           234870.44                    3166.96              924.31             3166.96
s125             9464.42                     912.90             3178.37              912.90
s126           107525.22                    1893.51             2197.76             1893.51
s127           312307.68                    3941.33              149.94             3941.33
s128           239363.01                    3211.88              879.39             3211.88
s129           105323.27                    1871.49             2219.78             1871.49
s130           -42814.15                     390.11             3701.16              390.11
s131           290129.08                    3719.54              371.73             3719.54
s132           253477.34                    3353.03              738.24             3353.03
s133           247228.78                    3290.54              800.73             3290.54
s134           327301.63                    4091.27                0.00             4304.49
s135           170076.75                    2519.02             1572.25             2519.02
s136           226230.18                    3080.56             1010.71             3080.56
s137           327301.63                    4091.27                0.00             4784.99
s138           229017.21                    3108.43              982.84             3108.43
s139           327301.63                    4091.27                0.00             4328.83
s140           165399.44                    2472.25             1619.02             2472.25
s141           315834.85                    3976.60              114.67             3976.60
s142           287974.27                    3698.00              393.27             3698.00
s143           327301.63                    4091.27                0.00             4542.86
s144            -5463.89                     763.62             3327.66              763.62
s145            36669.83                    1184.95             2906.32             1184.95
s146           188143.51                    2699.69             1391.58             2699.69
s147           280809.11                    3626.35              464.93             3626.35
s148           327301.63                    4091.27                0.00             4781.35
s149           327301.63                    4091.27                0.00             4151.54
s150           300964.25                    3827.90              263.37             3827.90
s151           201120.57                    2829.46             1261.81             2829.46
s152            74715.08                    1565.40             2525.87             1565.40
s153            92402.87                    1742.28             2348.99             1742.28
s154           327301.63                    4091.27                0.00             4234.46
s155           150329.38                    2321.55             1769.72             2321.55
s156           155734.47                    2375.60             1715.67             2375.60
s157           276116.39                    3579.42              511.85             3579.42
s158           210106.03                    2919.31             1171.96             2919.31
s159           195347.68                    2771.73             1319.54             2771.73
s160           293230.78                    3750.56              340.71             3750.56
s161           327301.63                    4091.27                0.00             4494.94
s162           177243.79                    2590.69             1500.58             2590.69
s163           105303.84                    1871.29             2219.98             1871.29
s164           327178.91                    4090.04                1.23             4090.04
s165           215130.86                    2969.56             1121.71             2969.56
s166           236753.18                    3185.79              905.48             3185.79
s167           266164.06                    3479.89              611.38             3479.89
s168           142116.60                    2239.42             1851.85             2239.42
s169           293102.39                    3749.28              341.99             3749.28
s170           138739.56                    2205.65             1885.62             2205.65
s171           226411.01                    3082.36             1008.91             3082.36
s172            98174.22                    1800.00             2291.27             1800.00
s173           327301.63                    4091.27                0.00             4267.36
s174           327301.63                    4091.27                0.00             6307.64
s175           327301.63                    4091.27                0.00             4548.85
s176           162517.96                    2443.43             1647.84             2443.43
s177           313971.21                    3957.97              133.30             3957.97
s178           267510.81                    3493.36              597.91             3493.36
s179           214292.78                    2961.18             1130.09             2961.18
s180           291896.20                    3737.22              354.05             3737.22
s181           327301.63                    4091.27                0.00             4514.19
s182           253463.20                    3352.89              738.38             3352.89
s183           275567.74                    3573.93              517.34             3573.93
s184           327301.63                    4091.27                0.00             5024.76
s185           218001.60                    2998.27             1093.00             2998.27
s186           291408.39                    3732.34              358.93             3732.34
s187           -67421.51                     144.04             3947.23              144.04
s188           327301.63                    4091.27                0.00             5122.31
s189           187322.71                    2691.48             1399.79             2691.48
s190           220795.48                    3026.21             1065.06             3026.21
s191           287049.19                    3688.75              402.52             3688.75
s192           245579.25                    3274.05              817.22             3274.05
s193           269206.00                    3510.31              580.96             3510.31
s194            51688.75                    1335.14             2756.13             1335.14
s195           282688.65                    3645.14              446.13             3645.14
s196           197941.31                    2797.67             1293.60             2797.67
s197           241690.54                    3235.16              856.11             3235.16
s198           236345.42                    3181.71              909.56             3181.71
s199           322428.17                    4042.54               48.73             4042.54
s200            71408.67                    1532.34             2558.93             1532.34
s201           175714.67                    2575.40             1515.87             2575.40
s202           294660.07                    3764.85              326.42             3764.85
s203           194163.44                    2759.89             1331.38             2759.89
s204           221109.99                    3029.35             1061.92             3029.35
s205           247516.83                    3293.42              797.85             3293.42
s206           325331.09                    4071.56               19.71             4071.56
s207           327301.63                    4091.27                0.00             4144.28
s208           169463.18                    2512.89             1578.38             2512.89
s209           321087.64                    4029.13               62.14             4029.13
s210           173205.64                    2550.31             1540.96             2550.31
s211           179745.79                    2615.71             1475.56             2615.71
s212           183559.90                    2653.85             1437.42             2653.85
s213           210973.35                    2927.99             1163.28             2927.99
s214           163282.02                    2451.07             1640.20             2451.07
s215           327301.63                    4091.27                0.00             4275.19
s216           327301.63                    4091.27                0.00             4567.11
s217           327301.63                    4091.27                0.00             4616.65
s218           137983.38                    2198.09             1893.18             2198.09
s219           310398.56                    3922.24              169.03             3922.24
s220           327301.63                    4091.27                0.00             4843.11
s221           150491.61                    2323.17             1768.10             2323.17
s222           170477.73                    2523.03             1568.24             2523.03
s223           196795.20                    2786.21             1305.06             2786.21
s224           226062.07                    3078.87             1012.40             3078.87
s225           327301.63                    4091.27                0.00             4501.35
s226           281072.58                    3628.98              462.29             3628.98
s227           150584.17                    2324.10             1767.17             2324.10
s228           129193.19                    2110.19             1981.08             2110.19
s229           229620.69                    3114.46              976.81             3114.46
s230           327301.63                    4091.27                0.00             4367.70
s231           120450.08                    2022.75             2068.52             2022.75
s232           238988.00                    3208.13              883.14             3208.13
s233           255833.13                    3376.59              714.69             3376.59
s234           260441.09                    3422.66              668.61             3422.66
s235           227464.07                    3092.89              998.38             3092.89
s236           133849.26                    2156.75             1934.52             2156.75
s237            69193.99                    1510.19             2581.08             1510.19
s238           189641.18                    2714.67             1376.60             2714.67
s239           237802.41                    3196.28              894.99             3196.28
s240           178919.70                    2607.45             1483.82             2607.45
s241           121460.11                    2032.86             2058.42             2032.86
s242           291600.81                    3734.26              357.01             3734.26
s243           254935.13                    3367.61              723.66             3367.61
s244           298375.05                    3802.00              289.27             3802.00
s245           193233.97                    2750.59             1340.68             2750.59
s246           209957.71                    2917.83             1173.44             2917.83
s247           234664.83                    3164.90              926.37             3164.90
s248           292534.66                    3743.60              347.67             3743.60
s249           137385.81                    2192.11             1899.16             2192.11
s250           241024.25                    3228.50              862.77             3228.50
s251           231905.22                    3137.31              953.96             3137.31
s252           115659.72                    1974.85             2116.42             1974.85
s253           235926.61                    3177.52              913.75             3177.52
s254           214046.40                    2958.72             1132.55             2958.72
s255           297971.31                    3797.97              293.30             3797.97
s256           144175.45                    2260.01             1831.26             2260.01
s257           198161.72                    2799.87             1291.40             2799.87
s258           134905.26                    2167.31             1923.96             2167.31
s259           302837.36                    3846.63              244.64             3846.63
s260           327301.63                    4091.27                0.00             4091.40
s261           294861.36                    3766.87              324.40             3766.87
s262           161042.45                    2428.68             1662.59             2428.68
s263           327301.63                    4091.27                0.00             4661.93
s264           173024.42                    2548.50             1542.77             2548.50
s265           297348.24                    3791.74              299.53             3791.74
s266           153939.38                    2357.65             1733.62             2357.65
s267           229716.63                    3115.42              975.85             3115.42
s268           146950.65                    2287.76             1803.51             2287.76
s269           203243.65                    2850.69             1240.58             2850.69
s270           140803.44                    2226.29             1864.98             2226.29
s271            95089.86                    1769.15             2322.12             1769.15
s272           154647.18                    2364.73             1726.54             2364.73
s273           262233.38                    3440.59              650.68             3440.59
s274            92465.12                    1742.91             2348.37             1742.91
s275           304239.01                    3860.64              230.63             3860.64
s276           255086.89                    3369.12              722.15             3369.12
s277           193723.24                    2755.49             1335.78             2755.49
s278           139466.81                    2212.92             1878.35             2212.92
s279           327301.63                    4091.27                0.00             4132.07
s280           327301.63                    4091.27                0.00             4502.04
s281           161215.91                    2430.41             1660.86             2430.41
s282            53309.02                    1351.34             2739.93             1351.34
s283           143692.28                    2255.18             1836.09             2255.18
s284           327301.63                    4091.27                0.00             4902.12
s285           293767.29                    3755.93              335.34             3755.93
s286           300737.50                    3825.63              265.64             3825.63
s287           231775.81                    3136.01              955.26             3136.01
s288           118295.61                    2001.21             2090.06             2001.21
s289           185331.29                    2671.57             1419.70             2671.57
s290           321835.77                    4036.61               54.66             4036.61
s291           125900.70                    2077.26             2014.01             2077.26
s292           298116.16                    3799.42              291.85             3799.42
s293           327301.63                    4091.27                0.00             4098.48
s294           276370.30                    3581.96              509.31             3581.96
s295           -46187.43                     356.38             3734.89              356.38
s296           136594.97                    2184.20             1907.07             2184.20
s297           327301.63                    4091.27                0.00             4192.43
s298           282402.36                    3642.28              448.99             3642.28
s299           303914.10                    3857.40              233.88             3857.40
s300           217314.80                    2991.40             1099.87             2991.40
s301           327301.63                    4091.27                0.00             4327.46
s302           272965.71                    3547.91              543.36             3547.91
s303           136274.64                    2181.00             1910.27             2181.00
s304           327301.63                    4091.27                0.00             4400.82
s305           134169.20                    2159.95             1931.32             2159.95
s306           246941.42                    3287.67              803.60             3287.67
s307            -1452.44                     803.73             3287.54              803.73
s308           165107.53                    2469.33             1621.94             2469.33
s309            36769.25                    1185.95             2905.32             1185.95
s310           327301.63                    4091.27                0.00             4643.70
s311           269777.61                    3516.03              575.24             3516.03
s312           109125.37                    1909.51             2181.76             1909.51
s313           184623.36                    2664.49             1426.78             2664.49
s314           327301.63                    4091.27                0.00             4877.15
s315           233937.00                    3157.62              933.65             3157.62
s316           115314.67                    1971.40             2119.87             1971.40
s317            61080.29                    1429.06             2662.21             1429.06
s318           289411.50                    3712.37              378.90             3712.37
s319           201462.85                    2832.88             1258.39             2832.88
s320           127918.30                    2097.44             1993.83             2097.44
s321           317022.01                    3988.47              102.80             3988.47
s322           284327.14                    3661.53              429.74             3661.53
s323           319364.04                    4011.89               79.38             4011.89
s324           324072.40                    4058.98               32.29             4058.98
s325           254718.46                    3365.44              725.83             3365.44
s326           242003.43                    3238.29              852.98             3238.29
s327            27192.33                    1090.18             3001.09             1090.18
s328           100105.54                    1819.31             2271.96             1819.31
s329           299583.53                    3814.09              277.18             3814.09
s330           155741.44                    2375.67             1715.60             2375.67
s331           327301.63                    4091.27                0.00             5231.73
s332           327301.63                    4091.27                0.00             4741.49
s333           319564.97                    4013.90               77.37             4013.90
s334           119148.63                    2009.74             2081.53             2009.74
s335           162871.45                    2446.97             1644.30             2446.97
s336           280765.10                    3625.91              465.37             3625.91
s337           318047.83                    3998.73               92.54             3998.73
s338           327301.63                    4091.27                0.00             4242.66
s339           245076.37                    3269.02              822.25             3269.02
s340           327301.63                    4091.27                0.00             4716.48
s341           293264.55                    3750.90              340.37             3750.90
s342           249125.25                    3309.51              781.76             3309.51
s343           131537.81                    2133.63             1957.64             2133.63
s344            66795.37                    1486.21             2605.06             1486.21
s345           249292.33                    3311.18              780.09             3311.18
s346           271735.96                    3535.61              555.66             3535.61
s347           299474.40                    3813.00              278.27             3813.00
s348           180106.87                    2619.32             1471.95             2619.32
s349           122828.04                    2046.53             2044.74             2046.53
s350           203452.64                    2852.78             1238.49             2852.78
s351           236121.67                    3179.47              911.80             3179.47
s352           178324.17                    2601.50             1489.77             2601.50
s353            69151.21                    1509.77             2581.50             1509.77
s354           300538.49                    3823.64              267.63             3823.64
s355           275348.75                    3571.74              519.53             3571.74
s356           305713.41                    3875.39              215.88             3875.39
s357           327301.63                    4091.27                0.00             4280.25
s358           203378.96                    2852.04             1239.23             2852.04
s359           327301.63                    4091.27                0.00             4265.23
s360              695.86                     825.21             3266.06              825.21
s361            55711.96                    1375.37             2715.90             1375.37
s362           327301.63                    4091.27                0.00             4491.66
s363           159506.94                    2413.32             1677.95             2413.32
s364           111541.03                    1933.66             2157.61             1933.66
s365           282380.56                    3642.06              449.21             3642.06
s366           192063.25                    2738.89             1352.38             2738.89
s367           213677.68                    2955.03             1136.24             2955.03
s368           202418.74                    2842.44             1248.83             2842.44
s369           244707.13                    3265.33              825.95             3265.33
s370           264781.09                    3466.06              625.21             3466.06
s371           223836.78                    3056.62             1034.65             3056.62
s372           268684.86                    3505.10              586.17             3505.10
s373           287365.89                    3691.91              399.36             3691.91
s374           179658.03                    2614.83             1476.44             2614.83
s375           159062.16                    2408.88             1682.39             2408.88
s376           327301.63                    4091.27                0.00             4552.70
s377           302879.05                    3847.04              244.23             3847.04
s378           220369.86                    3021.95             1069.32             3021.95
s379           178234.20                    2600.60             1490.67             2600.60
s380           177978.43                    2598.04             1493.23             2598.04
s381            79733.29                    1615.59             2475.68             1615.59
s382           327301.63                    4091.27                0.00             4346.74
s383           130291.28                    2121.17             1970.10             2121.17
s384           327301.63                    4091.27                0.00             4960.92
s385           263903.46                    3457.29              633.98             3457.29
s386           162390.56                    2442.16             1649.11             2442.16
s387           249589.28                    3314.15              777.12             3314.15
s388           327301.63                    4091.27                0.00             4276.88
s389           261412.91                    3432.38              658.89             3432.38
s390           327301.63                    4091.27                0.00             4652.09
s391           229281.56                    3111.07              980.20             3111.07
s392           233579.07                    3154.04              937.23             3154.04
s393            49887.15                    1317.13             2774.14             1317.13
s394           131821.77                    2136.47             1954.80             2136.47
s395           265623.33                    3474.49              616.78             3474.49
s396           120694.13                    2025.20             2066.08             2025.20
s397           255888.06                    3377.13              714.14             3377.13
s398           327301.63                    4091.27                0.00             4474.91
s399           148825.00                    2306.50             1784.77             2306.50
s400           128070.63                    2098.96             1992.31             2098.96
s401           327301.63                    4091.27                0.00             4365.52
s402           292278.52                    3741.04              350.23             3741.04
s403           183013.07                    2648.38             1442.89             2648.38
s404           327301.63                    4091.27                0.00             4094.50
s405           116776.69                    1986.02             2105.25             1986.02
s406           278804.11                    3606.30              484.98             3606.30
s407           254850.10                    3366.76              724.52             3366.76
s408           122761.33                    2045.87             2045.40             2045.87
s409           181436.81                    2632.62             1458.65             2632.62
s410           203077.19                    2849.03             1242.24             2849.03
s411           167653.52                    2494.79             1596.48             2494.79
s412            -7521.82                     743.04             3348.23              743.04
s413           230195.08                    3120.20              971.07             3120.20
s414           264265.81                    3460.91              630.36             3460.91
s415           305062.42                    3868.88              222.39             3868.88
s416           282130.12                    3639.56              451.72             3639.56
s417           255730.21                    3375.56              715.71             3375.56
s418           282047.45                    3638.73              452.54             3638.73
s419           327301.63                    4091.27                0.00             4999.04
s420            -8108.19                     737.17             3354.10              737.17
s421           194254.96                    2760.80             1330.47             2760.80
s422            84429.17                    1662.55             2428.72             1662.55
s423           265115.19                    3469.41              621.86             3469.41
s424           294622.69                    3764.48              326.79             3764.48
s425           220277.50                    3021.03             1070.24             3021.03
s426           147354.50                    2291.80             1799.47             2291.80
s427            97051.07                    1788.76             2302.51             1788.76
s428           181153.28                    2629.79             1461.48             2629.79
s429           327301.63                    4091.27                0.00             4474.03
s430           202050.03                    2838.75             1252.52             2838.75
s431           135947.59                    2177.73             1913.54             2177.73
s432           189014.29                    2708.40             1382.87             2708.40
s433            81557.54                    1633.83             2457.44             1633.83
s434           299107.59                    3809.33              281.94             3809.33
s435            32157.24                    1139.83             2951.44             1139.83
s436           194921.67                    2767.47             1323.80             2767.47
s437           227525.05                    3093.50              997.77             3093.50
s438           327301.63                    4091.27                0.00             4122.92
s439           212671.65                    2944.97             1146.30             2944.97
s440           114905.73                    1967.31             2123.96             1967.31
s441           -26754.00                     550.71             3540.56              550.71
s442           125352.31                    2071.78             2019.49             2071.78
s443           284080.90                    3659.06              432.21             3659.06
s444           302942.97                    3847.68              243.59             3847.68
s445           269018.99                    3508.44              582.83             3508.44
s446           272941.17                    3547.67              543.60             3547.67
s447           105173.38                    1869.99             2221.28             1869.99
s448           327301.63                    4091.27                0.00             4516.27
s449           327301.63                    4091.27                0.00             5292.89
s450           327301.63                    4091.27                0.00             4436.69
s451           190448.08                    2722.73             1368.54             2722.73
s452           107441.60                    1892.67             2198.60             1892.67
s453           315950.87                    3977.76              113.51             3977.76
s454           327301.63                    4091.27                0.00             5742.93
s455           327301.63                    4091.27                0.00             4437.46
s456            98277.96                    1801.03             2290.24             1801.03
s457           183473.63                    2652.99             1438.28             2652.99
s458           143400.98                    2252.26             1839.01             2252.26
s459            66181.12                    1480.07             2611.21             1480.07
s460           212745.79                    2945.71             1145.56             2945.71
s461           327301.63                    4091.27                0.00             4208.20
s462           116104.86                    1979.30             2111.97             1979.30
s463           327301.63                    4091.27                0.00             4166.14
s464           295648.77                    3774.74              316.53             3774.74
s465            64168.84                    1459.94             2631.33             1459.94
s466           233994.45                    3158.20              933.07             3158.20
s467            87125.38                    1689.51             2401.76             1689.51
s468           -65170.29                     166.55             3924.72              166.55
s469           -81825.41                       0.00             4091.27                0.00
s470           327301.63                    4091.27                0.00             4851.84
s471           316181.01                    3980.06              111.21             3980.06
s472           193923.61                    2757.49             1333.78             2757.49
s473           198996.65                    2808.22             1283.05             2808.22
s474            95719.31                    1775.45             2315.82             1775.45
s475           199711.93                    2815.37             1275.90             2815.37
s476           327301.63                    4091.27                0.00             5157.40
s477            31747.13                    1135.73             2955.55             1135.73
s478           308644.33                    3904.70              186.57             3904.70
s479           206421.28                    2882.47             1208.80             2882.47
s480           327301.63                    4091.27                0.00             4877.46
s481           115726.62                    1975.52             2115.75             1975.52
s482           144674.26                    2265.00             1826.27             2265.00
s483           314985.91                    3968.11              123.16             3968.11
s484           327301.63                    4091.27                0.00             5149.28
s485            -4097.50                     777.28             3313.99              777.28
s486            13980.46                     958.06             3133.21              958.06
s487           327301.63                    4091.27                0.00             4284.70
s488           250899.39                    3327.25              764.02             3327.25
s489           327301.63                    4091.27                0.00             5573.77
s490           327301.63                    4091.27                0.00             4540.77
s491           298430.07                    3802.55              288.72             3802.55
s492           231706.33                    3135.32              955.95             3135.32
s493           244584.82                    3264.10              827.17             3264.10
s494           130570.98                    2123.96             1967.31             2123.96
s495           205823.94                    2876.49             1214.78             2876.49
s496            95247.33                    1770.73             2320.54             1770.73
s497           224075.14                    3059.01             1032.26             3059.01
s498           206855.05                    2886.80             1204.47             2886.80
s499           223999.94                    3058.25             1033.02             3058.25
s500           327301.63                    4091.27                0.00             5004.41
s501           242548.44                    3243.74              847.53             3243.74
s502           295851.61                    3776.77              314.50             3776.77
s503            77596.97                    1594.22             2497.05             1594.22
s504           123007.49                    2048.33             2042.94             2048.33
s505           260043.73                    3418.69              672.58             3418.69
s506           204442.50                    2862.68             1228.59             2862.68
s507           327301.63                    4091.27                0.00             5600.52
s508           327301.63                    4091.27                0.00             4239.73
s509            67824.00                    1496.49             2594.78             1496.49
s510           131931.41                    2137.57             1953.70             2137.57
s511           149491.22                    2313.17             1778.10             2313.17
s512           -81825.41                       0.00             4091.27                0.00
s513           327301.63                    4091.27                0.00             4519.56
s514           109536.97                    1913.62             2177.65             1913.62
s515            94060.39                    1758.86             2332.41             1758.86
s516           260221.66                    3420.47              670.80             3420.47
s517           175019.95                    2568.45             1522.82             2568.45
s518           184522.55                    2663.48             1427.79             2663.48
s519           324122.78                    4059.48               31.79             4059.48
s520           327301.63                    4091.27                0.00             4541.30
s521           176102.97                    2579.28             1511.99             2579.28
s522           268948.78                    3507.74              583.53             3507.74
s523           136037.07                    2178.62             1912.65             2178.62
s524           165516.68                    2473.42             1617.85             2473.42
s525           327301.63                    4091.27                0.00             5093.49
s526           327301.63                    4091.27                0.00             4286.58
s527           327301.63                    4091.27                0.00             4157.60
s528            65616.76                    1474.42             2616.85             1474.42
s529           201407.75                    2832.33             1258.94             2832.33
s530           327301.63                    4091.27                0.00             4563.53
s531           327301.63                    4091.27                0.00             4719.79
s532           326738.77                    4085.64                5.63             4085.64
s533           268345.17                    3501.71              589.56             3501.71
s534           298157.90                    3799.83              291.44             3799.83
s535            96725.76                    1785.51             2305.76             1785.51
s536           327301.63                    4091.27                0.00             4811.28
s537           -72235.04                      95.90             3995.37               95.90
s538           327301.63                    4091.27                0.00             4215.52
s539           275328.22                    3571.54              519.73             3571.54
s540           327301.63                    4091.27                0.00             7522.15
s541           160061.22                    2418.87             1672.40             2418.87
s542           180892.58                    2627.18             1464.09             2627.18
s543           126532.01                    2083.57             2007.70             2083.57
s544           204950.61                    2867.76             1223.51             2867.76
s545           327301.63                    4091.27                0.00             5482.97
s546           327301.63                    4091.27                0.00             5798.91
s547           267259.42                    3490.85              600.42             3490.85
s548           169945.28                    2517.71             1573.56             2517.71
s549           168086.67                    2499.12             1592.15             2499.12
s550           236627.43                    3184.53              906.74             3184.53
s551           209060.68                    2908.86             1182.41             2908.86
s552           327301.63                    4091.27                0.00             4173.97
s553           267438.18                    3492.64              598.63             3492.64
s554           269507.70                    3513.33              577.94             3513.33
s555           153049.65                    2348.75             1742.52             2348.75
s556           233604.56                    3154.30              936.97             3154.30
s557           209791.23                    2916.17             1175.10             2916.17
s558           327301.63                    4091.27                0.00             4101.17
s559           175221.72                    2570.47             1520.80             2570.47
s560           259313.13                    3411.39              679.89             3411.39
s561            99992.62                    1818.18             2273.09             1818.18
s562           192783.78                    2746.09             1345.18             2746.09
s563           308347.48                    3901.73              189.54             3901.73
s564           327301.63                    4091.27                0.00             5689.53
s565            97746.28                    1795.72             2295.55             1795.72
s566           308685.73                    3905.11              186.16             3905.11
s567           239081.79                    3209.07              882.20             3209.07
s568           244419.46                    3262.45              828.82             3262.45
s569           292596.37                    3744.22              347.05             3744.22
s570           185113.16                    2669.39             1421.88             2669.39
s571           227478.03                    3093.03              998.24             3093.03
s572           256493.55                    3383.19              708.08             3383.19
s573            75229.91                    1570.55             2520.72             1570.55
s574           174317.29                    2561.43             1529.84             2561.43
s575           144087.76                    2259.13             1832.14             2259.13
s576           293202.06                    3750.27              341.00             3750.27
s577           195233.12                    2770.59             1320.69             2770.59
s578           327301.63                    4091.27                0.00             4654.49
s579           327301.63                    4091.27                0.00             4768.81
s580           327301.63                    4091.27                0.00             4351.39
s581            81373.05                    1631.98             2459.29             1631.98
s582           214856.39                    2966.82             1124.45             2966.82
s583           327301.63                    4091.27                0.00             5124.28
s584           327301.63                    4091.27                0.00             4248.87
s585           226783.01                    3086.08             1005.19             3086.08
s586           327301.63                    4091.27                0.00             7593.80
s587           265340.50                    3471.66              619.61             3471.66
s588           327301.63                    4091.27                0.00             4924.71
s589           185694.58                    2675.20             1416.07             2675.20
s590            41159.89                    1229.85             2861.42             1229.85
s591           154900.55                    2367.26             1724.01             2367.26
s592           145944.05                    2277.69             1813.58             2277.69
s593           124944.02                    2067.69             2023.58             2067.69
s594           144545.21                    2263.71             1827.56             2263.71
s595           314490.37                    3963.16              128.11             3963.16
s596           327301.63                    4091.27                0.00             5070.30
s597           327301.63                    4091.27                0.00             4209.78
s598           259385.23                    3412.11              679.16             3412.11
s599           327301.63                    4091.27                0.00             4584.96
s600           182414.60                    2642.40             1448.87             2642.40
s601           -31407.21                     504.18             3587.09              504.18
s602           279334.27                    3611.60              479.67             3611.60
s603           221748.19                    3035.74             1055.53             3035.74
s604           189239.84                    2710.65             1380.62             2710.65
s605           327301.63                    4091.27                0.00             4724.58
s606            94038.78                    1758.64             2332.63             1758.64
s607           247990.09                    3298.15              793.12             3298.15
s608           192353.82                    2741.79             1349.48             2741.79
s609           327301.63                    4091.27                0.00             4303.92
s610           327301.63                    4091.27                0.00             4109.20
s611           133614.35                    2154.40             1936.87             2154.40
s612           182107.20                    2639.33             1451.94             2639.33
s613           319526.48                    4013.52               77.75             4013.52
s614           327301.63                    4091.27                0.00             4473.59
s615           327301.63                    4091.27                0.00             4371.24
s616           235972.05                    3177.97              913.30             3177.97
s617           327301.63                    4091.27                0.00             4257.30
s618           258820.54                    3406.46              684.81             3406.46
s619           327301.63                    4091.27                0.00             4453.38
s620           309735.83                    3915.61              175.66             3915.61
s621           327301.63                    4091.27                0.00             4992.72
s622           195564.98                    2773.90             1317.37             2773.90
s623           176586.17                    2584.12             1507.15             2584.12
s624           327301.63                    4091.27                0.00             4588.58
s625           327301.63                    4091.27                0.00             4264.39
s626           292087.53                    3739.13              352.14             3739.13
s627           198993.20                    2808.19             1283.08             2808.19
s628           243809.09                    3256.34              834.93             3256.34
s629           254822.01                    3366.47              724.80             3366.47
s630           296604.92                    3784.30              306.97             3784.30
s631           327301.63                    4091.27                0.00             4524.95
s632           327301.63                    4091.27                0.00             4458.47
s633            98222.04                    1800.47             2290.80             1800.47
s634           327301.63                    4091.27                0.00             5114.79
s635           213253.47                    2950.79             1140.48             2950.79
s636           119894.96                    2017.20             2074.07             2017.20
s637           164779.58                    2466.05             1625.22             2466.05
s638           210514.03                    2923.39             1167.88             2923.39
s639           151921.44                    2337.47             1753.80             2337.47
s640           327301.63                    4091.27                0.00             4123.54
s641           192122.62                    2739.48             1351.79             2739.48
s642           252177.78                    3340.03              751.24             3340.03
s643           327301.63                    4091.27                0.00             6148.19
s644           184651.12                    2664.77             1426.51             2664.77
s645           223512.55                    3053.38             1037.89             3053.38
s646           327301.63                    4091.27                0.00             4276.87
s647           327301.63                    4091.27                0.00             4848.35
s648           241561.35                    3233.87              857.40             3233.87
s649           219303.27                    3011.29             1079.98             3011.29
s650           128543.12                    2103.69             1987.59             2103.69
s651           294284.15                    3761.10              330.17             3761.10
s652           243651.23                    3254.77              836.50             3254.77
s653           327301.63                    4091.27                0.00             4348.52
s654           172261.02                    2540.86             1550.41             2540.86
s655           215702.22                    2975.28             1115.99             2975.28
s656           169159.70                    2509.85             1581.42             2509.85
s657           187859.85                    2696.85             1394.42             2696.85
s658           234066.12                    3158.92              932.36             3158.92
s659           106674.92                    1885.00             2206.27             1885.00
s660           185896.45                    2677.22             1414.05             2677.22
s661           173523.75                    2553.49             1537.78             2553.49
s662           281180.57                    3630.06              461.21             3630.06
s663            57159.33                    1389.85             2701.42             1389.85
s664           327301.63                    4091.27                0.00             4542.15
s665           327301.63                    4091.27                0.00             4662.61
s666           176646.03                    2584.71             1506.56             2584.71
s667           275754.66                    3575.80              515.47             3575.80
s668           207783.33                    2896.09             1195.18             2896.09
s669           273016.45                    3548.42              542.85             3548.42
s670           268284.03                    3501.09              590.18             3501.09
s671           327301.63                    4091.27                0.00             4540.04
s672           203952.48                    2857.78             1233.49             2857.78
s673           327301.63                    4091.27                0.00             4653.68
s674           294961.74                    3767.87              323.40             3767.87
s675           208091.29                    2899.17             1192.10             2899.17
s676           192381.19                    2742.07             1349.20             2742.07
s677           327301.63                    4091.27                0.00             4484.41
s678           326517.12                    4083.43                7.85             4083.43
s679           184057.59                    2658.83             1432.44             2658.83
s680           175542.05                    2573.67             1517.60             2573.67
s681           327301.63                    4091.27                0.00             4668.63
s682           314596.38                    3964.22              127.05             3964.22
s683           303327.90                    3851.53              239.74             3851.53
s684           125757.73                    2075.83             2015.44             2075.83
s685           327301.63                    4091.27                0.00             5428.32
s686           257204.45                    3390.30              700.97             3390.30
s687           327301.63                    4091.27                0.00             5149.09
s688           324950.87                    4067.76               23.51             4067.76
s689           250764.67                    3325.90              765.37             3325.90
s690           301116.95                    3829.42              261.85             3829.42
s691           327301.63                    4091.27                0.00             4115.61
s692           327301.63                    4091.27                0.00             4347.75
s693            -8259.29                     735.66             3355.61              735.66
s694           283145.96                    3649.71              441.56             3649.71
s695           222185.83                    3040.11             1051.16             3040.11
s696            53533.81                    1353.59             2737.68             1353.59
s697           283337.09                    3651.63              439.65             3651.63
s698           271575.57                    3534.01              557.26             3534.01
s699           219207.89                    3010.33             1080.94             3010.33
s700           327301.63                    4091.27                0.00             4274.63
s701           116168.55                    1979.94             2111.33             1979.94
s702            42547.67                    1243.73             2847.54             1243.73
s703           142939.35                    2247.65             1843.62             2247.65
s704           243108.21                    3249.34              841.93             3249.34
s705           327301.63                    4091.27                0.00             6014.80
s706           207655.24                    2894.81             1196.46             2894.81
s707           320941.83                    4027.67               63.60             4027.67
s708           246794.42                    3286.20              805.07             3286.20
s709           294732.38                    3765.58              325.69             3765.58
s710           266718.33                    3485.44              605.83             3485.44
s711           173286.01                    2551.11             1540.16             2551.11
s712           152136.97                    2339.62             1751.65             2339.62
s713            33181.17                    1150.07             2941.20             1150.07
s714           202353.40                    2841.79             1249.48             2841.79
s715           131268.65                    2130.94             1960.33             2130.94
s716           327301.63                    4091.27                0.00             4778.89
s717           180709.66                    2625.35             1465.92             2625.35
s718           -13042.63                     687.83             3403.44              687.83
s719           147360.92                    2291.86             1799.41             2291.86
s720           205138.20                    2869.64             1221.63             2869.64
s721           311917.48                    3937.43              153.84             3937.43
s722           312949.35                    3947.75              143.52             3947.75
s723           327301.63                    4091.27                0.00             4839.66
s724           169309.79                    2511.35             1579.92             2511.35
s725           104556.47                    1863.82             2227.45             1863.82
s726           129942.58                    2117.68             1973.59             2117.68
s727           111507.71                    1933.33             2157.94             1933.33
s728           283573.83                    3653.99              437.28             3653.99
s729           -18909.81                     629.16             3462.11              629.16
s730           243300.09                    3251.25              840.02             3251.25
s731           327301.63                    4091.27                0.00             4295.44
s732           244170.97                    3259.96              831.31             3259.96
s733           325205.45                    4070.31               20.96             4070.31
s734           327301.63                    4091.27                0.00             4456.71
s735           194182.32                    2760.08             1331.19             2760.08
s736           292175.30                    3740.01              351.26             3740.01
s737            70263.62                    1520.89             2570.38             1520.89
s738           324043.31                    4058.69               32.58             4058.69
s739           294022.09                    3758.47              332.80             3758.47
s740             1056.38                     828.82             3262.45              828.82
s741           155428.64                    2372.54             1718.73             2372.54
s742           285277.92                    3671.03              420.24             3671.03
s743           327301.63                    4091.27                0.00             4454.55
s744           142952.77                    2247.78             1843.49             2247.78
s745            -1150.60                     806.75             3284.52              806.75
s746           229042.04                    3108.67              982.60             3108.67
s747           164123.27                    2459.49             1631.78             2459.49
s748           231417.31                    3132.43              958.84             3132.43
s749            58184.01                    1400.09             2691.18             1400.09
s750           214667.36                    2964.93             1126.34             2964.93
s751            67312.72                    1491.38             2599.89             1491.38
s752           327301.63                    4091.27                0.00             4327.13
s753           299022.28                    3808.48              282.79             3808.48
s754           327301.63                    4091.27                0.00             4308.15
s755           207229.74                    2890.55             1200.72             2890.55
s756           187745.52                    2695.71             1395.56             2695.71
s757            97878.17                    1797.04             2294.23             1797.04
s758           201076.23                    2829.02             1262.25             2829.02
s759           126814.07                    2086.39             2004.88             2086.39
s760           220728.67                    3025.54             1065.73             3025.54
s761           165426.33                    2472.52             1618.75             2472.52
s762           -76285.21                      55.40             4035.87               55.40
s763           261735.16                    3435.61              655.66             3435.61
s764           199759.08                    2815.84             1275.43             2815.84
s765           309115.84                    3909.41              181.86             3909.41
s766           195225.45                    2770.51             1320.76             2770.51
s767           223095.46                    3049.21             1042.06             3049.21
s768           327301.63                    4091.27                0.00             4192.51
s769           287454.99                    3692.80              398.47             3692.80
s770           174997.28                    2568.23             1523.04             2568.23
s771           127040.12                    2088.66             2002.62             2088.66
s772           169762.44                    2515.88             1575.39             2515.88
s773           218996.88                    3008.22             1083.05             3008.22
s774            95029.39                    1768.55             2322.72             1768.55
s775           327301.63                    4091.27                0.00             4207.64
s776             8424.81                     902.50             3188.77              902.50
s777           245794.57                    3276.20              815.07             3276.20
s778           273256.94                    3550.82              540.45             3550.82
s779           239449.90                    3212.75              878.52             3212.75
s780           167356.72                    2491.82             1599.45             2491.82
s781           281878.38                    3637.04              454.23             3637.04
s782           327301.63                    4091.27                0.00             4725.85
s783           171967.90                    2537.93             1553.34             2537.93
s784           327301.63                    4091.27                0.00             4100.33
s785           150544.83                    2323.70             1767.57             2323.70
s786           327301.63                    4091.27                0.00             4138.65
s787           210242.09                    2920.68             1170.60             2920.68
s788           327301.63                    4091.27                0.00             4745.56
s789           327301.63                    4091.27                0.00             4852.44
s790           106554.63                    1883.80             2207.47             1883.80
s791           327301.63                    4091.27                0.00             4321.98
s792           186738.31                    2685.64             1405.63             2685.64
s793           327301.63                    4091.27                0.00             6035.53
s794            94089.77                    1759.15             2332.12             1759.15
s795           109346.85                    1911.72             2179.55             1911.72
s796           284654.80                    3664.80              426.47             3664.80
s797           101625.92                    1834.51             2256.76             1834.51
s798            91428.48                    1732.54             2358.73             1732.54
s799           255161.66                    3369.87              721.40             3369.87
s800           202512.93                    2843.38             1247.89             2843.38
s801           327301.63                    4091.27                0.00             4641.19
s802           327301.63                    4091.27                0.00             5818.94
s803            97628.26                    1794.54             2296.73             1794.54
s804           289931.19                    3717.57              373.70             3717.57
s805           244574.49                    3264.00              827.27             3264.00
s806           296271.06                    3780.96              310.31             3780.96
s807           179578.54                    2614.04             1477.23             2614.04
s808           155899.92                    2377.25             1714.02             2377.25
s809           181096.15                    2629.22             1462.05             2629.22
s810            54071.96                    1358.97             2732.30             1358.97
s811           327301.63                    4091.27                0.00             4518.49
s812           160910.35                    2427.36             1663.91             2427.36
s813           158409.52                    2402.35             1688.92             2402.35
s814           327301.63                    4091.27                0.00             4131.85
s815           324591.41                    4064.17               27.10             4064.17
s816           245926.85                    3277.52              813.75             3277.52
s817           248153.77                    3299.79              791.48             3299.79
s818           322549.03                    4043.74               47.53             4043.74
s819           315264.70                    3970.90              120.37             3970.90
s820           327301.63                    4091.27                0.00             4488.34
s821           327301.63                    4091.27                0.00             5108.29
s822           163880.10                    2457.06             1634.22             2457.06
s823           251660.61                    3334.86              756.41             3334.86
s824           225016.08                    3068.41             1022.86             3068.41
s825           285664.70                    3674.90              416.37             3674.90
s826           209364.27                    2911.90             1179.37             2911.90
s827           327301.63                    4091.27                0.00             5314.43
s828           213395.35                    2952.21             1139.06             2952.21
s829           295555.60                    3773.81              317.46             3773.81
s830           327301.63                    4091.27                0.00             4418.07
s831           254466.96                    3362.92              728.35             3362.92
s832           269682.82                    3515.08              576.19             3515.08
s833           327301.63                    4091.27                0.00             5286.51
s834           327301.63                    4091.27                0.00             6320.49
s835           327301.63                    4091.27                0.00             4355.46
s836           294737.98                    3765.63              325.64             3765.63
s837           130784.27                    2126.10             1965.17             2126.10
s838           326700.51                    4085.26                6.01             4085.26
s839           103651.68                    1854.77             2236.50             1854.77
s840           285578.82                    3674.04              417.23             3674.04
s841            33713.75                    1155.39             2935.88             1155.39
s842           327301.63                    4091.27                0.00             4315.15
s843           136158.10                    2179.84             1911.44             2179.84
s844           198219.74                    2800.45             1290.82             2800.45
s845           121969.16                    2037.95             2053.32             2037.95
s846           227092.01                    3089.17             1002.10             3089.17
s847           327301.63                    4091.27                0.00             4255.98
s848           168600.57                    2504.26             1587.01             2504.26
s849           144049.97                    2258.75             1832.52             2258.75
s850           130625.44                    2124.51             1966.76             2124.51
s851           294039.91                    3758.65              332.62             3758.65
s852           134411.90                    2162.37             1928.90             2162.37
s853           108733.49                    1905.59             2185.68             1905.59
s854           313566.00                    3953.91              137.36             3953.91
s855           327301.63                    4091.27                0.00             4347.45
s856           260367.77                    3421.93              669.34             3421.93
s857           144859.51                    2266.85             1824.42             2266.85
s858           190564.77                    2723.90             1367.37             2723.90
s859           288700.09                    3705.26              386.02             3705.26
s860           200539.91                    2823.65             1267.62             2823.65
s861           159070.06                    2408.95             1682.32             2408.95
s862           251971.53                    3337.97              753.30             3337.97
s863           114512.60                    1963.38             2127.89             1963.38
s864           261424.62                    3432.50              658.77             3432.50
s865           327301.63                    4091.27                0.00             5001.26
s866           327301.63                    4091.27                0.00             7977.10
s867           164618.43                    2464.44             1626.83             2464.44
s868           206689.28                    2885.15             1206.12             2885.15
s869           141854.58                    2236.80             1854.47             2236.80
s870           156466.41                    2382.92             1708.35             2382.92
s871           138090.43                    2199.16             1892.11             2199.16
s872           138063.86                    2198.89             1892.38             2198.89
s873           221612.40                    3034.38             1056.89             3034.38
s874           275964.33                    3577.90              513.37             3577.90
s875           318445.88                    4002.71               88.56             4002.71
s876           218313.03                    3001.38             1089.89             3001.38
s877           327301.63                    4091.27                0.00             4951.93
s878           297902.96                    3797.28              293.99             3797.28
s879            43284.23                    1251.10             2840.17             1251.10
s880           171980.91                    2538.06             1553.21             2538.06
s881           275236.82                    3570.62              520.65             3570.62
s882           173340.67                    2551.66             1539.61             2551.66
s883            -7801.43                     740.24             3351.03              740.24
s884           327301.63                    4091.27                0.00             4285.79
s885            96344.19                    1781.70             2309.57             1781.70
s886           327301.63                    4091.27                0.00             4272.92
s887           327301.63                    4091.27                0.00             5247.82
s888           327301.63                    4091.27                0.00             4328.85
s889           327301.63                    4091.27                0.00             4683.40
s890           242219.43                    3240.45              850.82             3240.45
s891           301966.13                    3837.92              253.36             3837.92
s892           327301.63                    4091.27                0.00             4093.52
s893           129095.66                    2109.21             1982.06             2109.21
s894           162140.15                    2439.66             1651.61             2439.66
s895            90168.05                    1719.93             2371.34             1719.93
s896           148475.38                    2303.01             1788.26             2303.01
s897           200836.59                    2826.62             1264.65             2826.62
s898           229906.85                    3117.32              973.95             3117.32
s899           254993.32                    3368.19              723.08             3368.19
s900            96234.77                    1780.60             2310.67             1780.60
s901           132503.72                    2143.29             1947.98             2143.29
s902           176779.28                    2586.05             1505.22             2586.05
s903           165257.53                    2470.83             1620.44             2470.83
s904           293780.47                    3756.06              335.21             3756.06
s905           113687.08                    1955.12             2136.15             1955.12
s906           327301.63                    4091.27                0.00             5392.87
s907           326144.63                    4079.70               11.57             4079.70
s908           274001.30                    3558.27              533.00             3558.27
s909           327301.63                    4091.27                0.00             4381.37
s910           224173.64                    3059.99             1031.28             3059.99
s911           158142.53                    2399.68             1691.59             2399.68
s912           327301.63                    4091.27                0.00             4581.84
s913            -3542.28                     782.83             3308.44              782.83
s914           194376.89                    2762.02             1329.25             2762.02
s915           307994.26                    3898.20              193.07             3898.20
s916           264178.44                    3460.04              631.23             3460.04
s917           117385.65                    1992.11             2099.16             1992.11
s918           116561.46                    1983.87             2107.40             1983.87
s919            93986.88                    1758.12             2333.15             1758.12
s920           234464.89                    3162.90              928.37             3162.90
s921           191735.55                    2735.61             1355.66             2735.61
s922            71414.74                    1532.40             2558.87             1532.40
s923            42701.13                    1245.27             2846.01             1245.27
s924           327301.63                    4091.27                0.00             4490.77
s925            53359.40                    1351.85             2739.42             1351.85
s926           322497.52                    4043.23               48.04             4043.23
s927           138480.56                    2203.06             1888.21             2203.06
s928           162171.84                    2439.97             1651.30             2439.97
s929           186159.96                    2679.85             1411.42             2679.85
s930           212822.08                    2946.47             1144.80             2946.47
s931           327301.63                    4091.27                0.00             4224.48
s932           236021.84                    3178.47              912.80             3178.47
s933           189963.43                    2717.89             1373.38             2717.89
s934            82448.68                    1642.74             2448.53             1642.74
s935           327301.63                    4091.27                0.00             4141.19
s936           327301.63                    4091.27                0.00             4604.39
s937           327301.63                    4091.27                0.00             4878.64
s938           157988.79                    2398.14             1693.13             2398.14
s939           -32742.32                     490.83             3600.44              490.83
s940           211114.83                    2929.40             1161.87             2929.40
s941           327301.63                    4091.27                0.00             4826.24
s942           218372.47                    3001.98             1089.29             3001.98
s943           140300.00                    2221.25             1870.02             2221.25
s944           171430.31                    2532.56             1558.71             2532.56
s945           138798.81                    2206.24             1885.03             2206.24
s946           255441.89                    3372.67              718.60             3372.67
s947           147145.19                    2289.71             1801.56             2289.71
s948           113277.27                    1951.03             2140.24             1951.03
s949             9977.74                     918.03             3173.24              918.03
s950           192571.62                    2743.97             1347.30             2743.97
s951           265481.85                    3473.07              618.20             3473.07
s952           282437.38                    3642.63              448.64             3642.63
s953           159738.31                    2415.64             1675.63             2415.64
s954           327301.63                    4091.27                0.00             4806.45
s955           320865.48                    4026.91               64.36             4026.91
s956           137363.66                    2191.89             1899.38             2191.89
s957           216422.92                    2982.48             1108.79             2982.48
s958           243111.57                    3249.37              841.90             3249.37
s959           186177.98                    2680.03             1411.24             2680.03
s960           327301.63                    4091.27                0.00             4830.69
s961           288411.61                    3702.37              388.90             3702.37
s962           257532.35                    3393.58              697.69             3393.58
s963           295414.23                    3772.40              318.87             3772.40
s964           225132.33                    3069.58             1021.69             3069.58
s965           327301.63                    4091.27                0.00             4851.12
s966           316791.50                    3986.17              105.10             3986.17
s967           278757.68                    3605.83              485.44             3605.83
s968           283195.14                    3650.21              441.06             3650.21
s969            85246.23                    1670.72             2420.55             1670.72
s970           327301.63                    4091.27                0.00             4612.46
s971            19949.18                    1017.75             3073.52             1017.75
s972           124161.34                    2059.87             2031.40             2059.87
s973           277179.97                    3590.05              501.22             3590.05
s974           312457.94                    3942.83              148.44             3942.83
s975           299207.41                    3810.33              280.94             3810.33
s976           327301.63                    4091.27                0.00             4394.38
s977           152708.93                    2345.34             1745.93             2345.34
s978           318127.26                    3999.53               91.74             3999.53
s979            97487.10                    1793.13             2298.15             1793.13
s980           293786.10                    3756.12              335.16             3756.12
s981           278800.79                    3606.26              485.01             3606.26
s982            79442.12                    1612.68             2478.60             1612.68
s983           272661.61                    3544.87              546.40             3544.87
s984           115793.91                    1976.19             2115.08             1976.19
s985           182867.96                    2646.93             1444.34             2646.93
s986           295335.68                    3771.61              319.66             3771.61
s987           170774.67                    2526.00             1565.27             2526.00
s988           327301.63                    4091.27                0.00             6155.41
s989           305628.62                    3874.54              216.73             3874.54
s990           212289.77                    2941.15             1150.12             2941.15
s991           119487.95                    2013.13             2078.14             2013.13
s992           327301.63                    4091.27                0.00             5211.91
s993           130006.11                    2118.32             1972.96             2118.32
s994           227381.07                    3092.06              999.21             3092.06
s995             8497.61                     903.23             3188.04              903.23
s996            96217.03                    1780.42             2310.85             1780.42
s997           108133.69                    1899.59             2191.68             1899.59
s998           157593.34                    2394.19             1697.08             2394.19
s999           168704.85                    2505.30             1585.97             2505.30
s1000          200678.66                    2825.04             1266.23             2825.04
