Orders             Exp_profit          Exp_sales           Exp_lost_sales      Exp_leftover        Stockout_prob       CVaR

      166.55           13241.81              165.73             2971.45                0.82                0.99             5095.50



Scenario           Profit              Sales               Leftover_inv        demand
s1              13324.09                     166.55                0.00             3188.25
s2              13324.09                     166.55                0.00             3838.86
s3              13324.09                     166.55                0.00             1552.68
s4              13324.09                     166.55                0.00             3162.94
s5              13324.09                     166.55                0.00             1605.85
s6              13324.09                     166.55                0.00             2480.83
s7              13324.09                     166.55                0.00             3563.91
s8              13324.09                     166.55                0.00             1907.20
s9              13324.09                     166.55                0.00             3974.80
s10             -3331.02                       0.00              166.55                0.00
s11             13324.09                     166.55                0.00             2715.44
s12             13324.09                     166.55                0.00             2017.38
s13             13324.09                     166.55                0.00             2662.24
s14             13324.09                     166.55                0.00             4485.04
s15             13324.09                     166.55                0.00             2787.86
s16             13324.09                     166.55                0.00             2467.26
s17             13324.09                     166.55                0.00             4192.53
s18             13324.09                     166.55                0.00             2870.00
s19             13324.09                     166.55                0.00             2689.59
s20             13324.09                     166.55                0.00             2526.41
s21             13324.09                     166.55                0.00             4091.27
s22             13324.09                     166.55                0.00             3307.65
s23             13324.09                     166.55                0.00             4714.17
s24             13324.09                     166.55                0.00             1366.87
s25             13324.09                     166.55                0.00             4182.56
s26              1434.37                      47.65              118.90               47.65
s27             13324.09                     166.55                0.00             3866.85
s28             13324.09                     166.55                0.00             4048.97
s29             13324.09                     166.55                0.00             4090.59
s30             13324.09                     166.55                0.00             4408.84
s31             13324.09                     166.55                0.00             3328.51
s32             13324.09                     166.55                0.00             3301.81
s33             13324.09                     166.55                0.00             3874.48
s34             13324.09                     166.55                0.00             3907.43
s35             13324.09                     166.55                0.00             2962.42
s36             13324.09                     166.55                0.00             3141.30
s37             13324.09                     166.55                0.00             3648.11
s38             13324.09                     166.55                0.00             3681.10
s39             13324.09                     166.55                0.00             5003.22
s40             13324.09                     166.55                0.00             3378.43
s41             13324.09                     166.55                0.00             5107.10
s42             13324.09                     166.55                0.00             1868.03
s43             13324.09                     166.55                0.00             2736.28
s44             13324.09                     166.55                0.00              216.06
s45             13324.09                     166.55                0.00             2855.29
s46             13324.09                     166.55                0.00             1613.28
s47             13324.09                     166.55                0.00             1903.88
s48             13324.09                     166.55                0.00             3148.96
s49             13324.09                     166.55                0.00             4403.85
s50             13324.09                     166.55                0.00             3964.55
s51             13324.09                     166.55                0.00             2925.99
s52             13324.09                     166.55                0.00             4750.87
s53             13324.09                     166.55                0.00             1888.39
s54             13324.09                     166.55                0.00             2459.57
s55             13324.09                     166.55                0.00             2617.27
s56             13324.09                     166.55                0.00             2288.06
s57             13324.09                     166.55                0.00             3585.10
s58             13324.09                     166.55                0.00             4368.33
s59             13324.09                     166.55                0.00             4971.11
s60             13324.09                     166.55                0.00             1427.99
s61             13324.09                     166.55                0.00             4248.76
s62             13324.09                     166.55                0.00             4121.00
s63             13324.09                     166.55                0.00             1947.32
s64             13324.09                     166.55                0.00             1720.39
s65             13324.09                     166.55                0.00             4508.10
s66             13324.09                     166.55                0.00             2745.26
s67             13324.09                     166.55                0.00             2400.82
s68             13324.09                     166.55                0.00             3201.93
s69             13324.09                     166.55                0.00             2378.94
s70             13324.09                     166.55                0.00             2491.32
s71             13324.09                     166.55                0.00             2551.31
s72             13324.09                     166.55                0.00             2593.27
s73             13324.09                     166.55                0.00             7010.74
s74             13324.09                     166.55                0.00             3956.45
s75             13324.09                     166.55                0.00             1770.84
s76             13324.09                     166.55                0.00             3870.97
s77             13324.09                     166.55                0.00             1068.66
s78             13324.09                     166.55                0.00             3746.06
s79             13324.09                     166.55                0.00             4210.24
s80             13324.09                     166.55                0.00             3890.99
s81             13324.09                     166.55                0.00             1305.87
s82             13324.09                     166.55                0.00             3498.27
s83             13324.09                     166.55                0.00             3197.86
s84             13324.09                     166.55                0.00             2010.13
s85             13324.09                     166.55                0.00             2222.25
s86             13324.09                     166.55                0.00             2568.55
s87             13324.09                     166.55                0.00             3709.01
s88             13324.09                     166.55                0.00             3655.25
s89             13324.09                     166.55                0.00             3448.57
s90             13324.09                     166.55                0.00             1797.52
s91             13324.09                     166.55                0.00             4424.47
s92             13324.09                     166.55                0.00             4349.05
s93             13324.09                     166.55                0.00             2426.19
s94             13324.09                     166.55                0.00             3756.19
s95             13324.09                     166.55                0.00             2940.36
s96             13324.09                     166.55                0.00             2766.13
s97             13324.09                     166.55                0.00             3956.88
s98             13324.09                     166.55                0.00             2475.70
s99             13324.09                     166.55                0.00             2966.90
s100            13324.09                     166.55                0.00             1521.92
s101            13324.09                     166.55                0.00             4327.76
s102            13324.09                     166.55                0.00             3261.12
s103            13324.09                     166.55                0.00             1859.92
s104            13324.09                     166.55                0.00             1599.15
s105            13324.09                     166.55                0.00             3959.47
s106            13324.09                     166.55                0.00             3434.49
s107            13324.09                     166.55                0.00             2500.85
s108            13324.09                     166.55                0.00             1331.09
s109            13324.09                     166.55                0.00             2153.06
s110            13324.09                     166.55                0.00             4339.83
s111            13324.09                     166.55                0.00             5598.15
s112            13324.09                     166.55                0.00             2515.86
s113            13324.09                     166.55                0.00              367.38
s114            13324.09                     166.55                0.00             3099.94
s115            13324.09                     166.55                0.00             4296.38
s116            13324.09                     166.55                0.00             3281.13
s117            13324.09                     166.55                0.00             2461.30
s118            13324.09                     166.55                0.00             3019.16
s119            13324.09                     166.55                0.00             3096.81
s120            13324.09                     166.55                0.00             3818.87
s121            13324.09                     166.55                0.00             2760.31
s122            13324.09                     166.55                0.00             3906.00
s123            13324.09                     166.55                0.00             1574.58
s124            13324.09                     166.55                0.00             3166.96
s125            13324.09                     166.55                0.00              912.90
s126            13324.09                     166.55                0.00             1893.51
s127            13324.09                     166.55                0.00             3941.33
s128            13324.09                     166.55                0.00             3211.88
s129            13324.09                     166.55                0.00             1871.49
s130            13324.09                     166.55                0.00              390.11
s131            13324.09                     166.55                0.00             3719.54
s132            13324.09                     166.55                0.00             3353.03
s133            13324.09                     166.55                0.00             3290.54
s134            13324.09                     166.55                0.00             4304.49
s135            13324.09                     166.55                0.00             2519.02
s136            13324.09                     166.55                0.00             3080.56
s137            13324.09                     166.55                0.00             4784.99
s138            13324.09                     166.55                0.00             3108.43
s139            13324.09                     166.55                0.00             4328.83
s140            13324.09                     166.55                0.00             2472.25
s141            13324.09                     166.55                0.00             3976.60
s142            13324.09                     166.55                0.00             3698.00
s143            13324.09                     166.55                0.00             4542.86
s144            13324.09                     166.55                0.00              763.62
s145            13324.09                     166.55                0.00             1184.95
s146            13324.09                     166.55                0.00             2699.69
s147            13324.09                     166.55                0.00             3626.35
s148            13324.09                     166.55                0.00             4781.35
s149            13324.09                     166.55                0.00             4151.54
s150            13324.09                     166.55                0.00             3827.90
s151            13324.09                     166.55                0.00             2829.46
s152            13324.09                     166.55                0.00             1565.40
s153            13324.09                     166.55                0.00             1742.28
s154            13324.09                     166.55                0.00             4234.46
s155            13324.09                     166.55                0.00             2321.55
s156            13324.09                     166.55                0.00             2375.60
s157            13324.09                     166.55                0.00             3579.42
s158            13324.09                     166.55                0.00             2919.31
s159            13324.09                     166.55                0.00             2771.73
s160            13324.09                     166.55                0.00             3750.56
s161            13324.09                     166.55                0.00             4494.94
s162            13324.09                     166.55                0.00             2590.69
s163            13324.09                     166.55                0.00             1871.29
s164            13324.09                     166.55                0.00             4090.04
s165            13324.09                     166.55                0.00             2969.56
s166            13324.09                     166.55                0.00             3185.79
s167            13324.09                     166.55                0.00             3479.89
s168            13324.09                     166.55                0.00             2239.42
s169            13324.09                     166.55                0.00             3749.28
s170            13324.09                     166.55                0.00             2205.65
s171            13324.09                     166.55                0.00             3082.36
s172            13324.09                     166.55                0.00             1800.00
s173            13324.09                     166.55                0.00             4267.36
s174            13324.09                     166.55                0.00             6307.64
s175            13324.09                     166.55                0.00             4548.85
s176            13324.09                     166.55                0.00             2443.43
s177            13324.09                     166.55                0.00             3957.97
s178            13324.09                     166.55                0.00             3493.36
s179            13324.09                     166.55                0.00             2961.18
s180            13324.09                     166.55                0.00             3737.22
s181            13324.09                     166.55                0.00             4514.19
s182            13324.09                     166.55                0.00             3352.89
s183            13324.09                     166.55                0.00             3573.93
s184            13324.09                     166.55                0.00             5024.76
s185            13324.09                     166.55                0.00             2998.27
s186            13324.09                     166.55                0.00             3732.34
s187            11072.87                     144.04               22.51              144.04
s188            13324.09                     166.55                0.00             5122.31
s189            13324.09                     166.55                0.00             2691.48
s190            13324.09                     166.55                0.00             3026.21
s191            13324.09                     166.55                0.00             3688.75
s192            13324.09                     166.55                0.00             3274.05
s193            13324.09                     166.55                0.00             3510.31
s194            13324.09                     166.55                0.00             1335.14
s195            13324.09                     166.55                0.00             3645.14
s196            13324.09                     166.55                0.00             2797.67
s197            13324.09                     166.55                0.00             3235.16
s198            13324.09                     166.55                0.00             3181.71
s199            13324.09                     166.55                0.00             4042.54
s200            13324.09                     166.55                0.00             1532.34
s201            13324.09                     166.55                0.00             2575.40
s202            13324.09                     166.55                0.00             3764.85
s203            13324.09                     166.55                0.00             2759.89
s204            13324.09                     166.55                0.00             3029.35
s205            13324.09                     166.55                0.00             3293.42
s206            13324.09                     166.55                0.00             4071.56
s207            13324.09                     166.55                0.00             4144.28
s208            13324.09                     166.55                0.00             2512.89
s209            13324.09                     166.55                0.00             4029.13
s210            13324.09                     166.55                0.00             2550.31
s211            13324.09                     166.55                0.00             2615.71
s212            13324.09                     166.55                0.00             2653.85
s213            13324.09                     166.55                0.00             2927.99
s214            13324.09                     166.55                0.00             2451.07
s215            13324.09                     166.55                0.00             4275.19
s216            13324.09                     166.55                0.00             4567.11
s217            13324.09                     166.55                0.00             4616.65
s218            13324.09                     166.55                0.00             2198.09
s219            13324.09                     166.55                0.00             3922.24
s220            13324.09                     166.55                0.00             4843.11
s221            13324.09                     166.55                0.00             2323.17
s222            13324.09                     166.55                0.00             2523.03
s223            13324.09                     166.55                0.00             2786.21
s224            13324.09                     166.55                0.00             3078.87
s225            13324.09                     166.55                0.00             4501.35
s226            13324.09                     166.55                0.00             3628.98
s227            13324.09                     166.55                0.00             2324.10
s228            13324.09                     166.55                0.00             2110.19
s229            13324.09                     166.55                0.00             3114.46
s230            13324.09                     166.55                0.00             4367.70
s231            13324.09                     166.55                0.00             2022.75
s232            13324.09                     166.55                0.00             3208.13
s233            13324.09                     166.55                0.00             3376.59
s234            13324.09                     166.55                0.00             3422.66
s235            13324.09                     166.55                0.00             3092.89
s236            13324.09                     166.55                0.00             2156.75
s237            13324.09                     166.55                0.00             1510.19
s238            13324.09                     166.55                0.00             2714.67
s239            13324.09                     166.55                0.00             3196.28
s240            13324.09                     166.55                0.00             2607.45
s241            13324.09                     166.55                0.00             2032.86
s242            13324.09                     166.55                0.00             3734.26
s243            13324.09                     166.55                0.00             3367.61
s244            13324.09                     166.55                0.00             3802.00
s245            13324.09                     166.55                0.00             2750.59
s246            13324.09                     166.55                0.00             2917.83
s247            13324.09                     166.55                0.00             3164.90
s248            13324.09                     166.55                0.00             3743.60
s249            13324.09                     166.55                0.00             2192.11
s250            13324.09                     166.55                0.00             3228.50
s251            13324.09                     166.55                0.00             3137.31
s252            13324.09                     166.55                0.00             1974.85
s253            13324.09                     166.55                0.00             3177.52
s254            13324.09                     166.55                0.00             2958.72
s255            13324.09                     166.55                0.00             3797.97
s256            13324.09                     166.55                0.00             2260.01
s257            13324.09                     166.55                0.00             2799.87
s258            13324.09                     166.55                0.00             2167.31
s259            13324.09                     166.55                0.00             3846.63
s260            13324.09                     166.55                0.00             4091.40
s261            13324.09                     166.55                0.00             3766.87
s262            13324.09                     166.55                0.00             2428.68
s263            13324.09                     166.55                0.00             4661.93
s264            13324.09                     166.55                0.00             2548.50
s265            13324.09                     166.55                0.00             3791.74
s266            13324.09                     166.55                0.00             2357.65
s267            13324.09                     166.55                0.00             3115.42
s268            13324.09                     166.55                0.00             2287.76
s269            13324.09                     166.55                0.00             2850.69
s270            13324.09                     166.55                0.00             2226.29
s271            13324.09                     166.55                0.00             1769.15
s272            13324.09                     166.55                0.00             2364.73
s273            13324.09                     166.55                0.00             3440.59
s274            13324.09                     166.55                0.00             1742.91
s275            13324.09                     166.55                0.00             3860.64
s276            13324.09                     166.55                0.00             3369.12
s277            13324.09                     166.55                0.00             2755.49
s278            13324.09                     166.55                0.00             2212.92
s279            13324.09                     166.55                0.00             4132.07
s280            13324.09                     166.55                0.00             4502.04
s281            13324.09                     166.55                0.00             2430.41
s282            13324.09                     166.55                0.00             1351.34
s283            13324.09                     166.55                0.00             2255.18
s284            13324.09                     166.55                0.00             4902.12
s285            13324.09                     166.55                0.00             3755.93
s286            13324.09                     166.55                0.00             3825.63
s287            13324.09                     166.55                0.00             3136.01
s288            13324.09                     166.55                0.00             2001.21
s289            13324.09                     166.55                0.00             2671.57
s290            13324.09                     166.55                0.00             4036.61
s291            13324.09                     166.55                0.00             2077.26
s292            13324.09                     166.55                0.00             3799.42
s293            13324.09                     166.55                0.00             4098.48
s294            13324.09                     166.55                0.00             3581.96
s295            13324.09                     166.55                0.00              356.38
s296            13324.09                     166.55                0.00             2184.20
s297            13324.09                     166.55                0.00             4192.43
s298            13324.09                     166.55                0.00             3642.28
s299            13324.09                     166.55                0.00             3857.40
s300            13324.09                     166.55                0.00             2991.40
s301            13324.09                     166.55                0.00             4327.46
s302            13324.09                     166.55                0.00             3547.91
s303            13324.09                     166.55                0.00             2181.00
s304            13324.09                     166.55                0.00             4400.82
s305            13324.09                     166.55                0.00             2159.95
s306            13324.09                     166.55                0.00             3287.67
s307            13324.09                     166.55                0.00              803.73
s308            13324.09                     166.55                0.00             2469.33
s309            13324.09                     166.55                0.00             1185.95
s310            13324.09                     166.55                0.00             4643.70
s311            13324.09                     166.55                0.00             3516.03
s312            13324.09                     166.55                0.00             1909.51
s313            13324.09                     166.55                0.00             2664.49
s314            13324.09                     166.55                0.00             4877.15
s315            13324.09                     166.55                0.00             3157.62
s316            13324.09                     166.55                0.00             1971.40
s317            13324.09                     166.55                0.00             1429.06
s318            13324.09                     166.55                0.00             3712.37
s319            13324.09                     166.55                0.00             2832.88
s320            13324.09                     166.55                0.00             2097.44
s321            13324.09                     166.55                0.00             3988.47
s322            13324.09                     166.55                0.00             3661.53
s323            13324.09                     166.55                0.00             4011.89
s324            13324.09                     166.55                0.00             4058.98
s325            13324.09                     166.55                0.00             3365.44
s326            13324.09                     166.55                0.00             3238.29
s327            13324.09                     166.55                0.00             1090.18
s328            13324.09                     166.55                0.00             1819.31
s329            13324.09                     166.55                0.00             3814.09
s330            13324.09                     166.55                0.00             2375.67
s331            13324.09                     166.55                0.00             5231.73
s332            13324.09                     166.55                0.00             4741.49
s333            13324.09                     166.55                0.00             4013.90
s334            13324.09                     166.55                0.00             2009.74
s335            13324.09                     166.55                0.00             2446.97
s336            13324.09                     166.55                0.00             3625.91
s337            13324.09                     166.55                0.00             3998.73
s338            13324.09                     166.55                0.00             4242.66
s339            13324.09                     166.55                0.00             3269.02
s340            13324.09                     166.55                0.00             4716.48
s341            13324.09                     166.55                0.00             3750.90
s342            13324.09                     166.55                0.00             3309.51
s343            13324.09                     166.55                0.00             2133.63
s344            13324.09                     166.55                0.00             1486.21
s345            13324.09                     166.55                0.00             3311.18
s346            13324.09                     166.55                0.00             3535.61
s347            13324.09                     166.55                0.00             3813.00
s348            13324.09                     166.55                0.00             2619.32
s349            13324.09                     166.55                0.00             2046.53
s350            13324.09                     166.55                0.00             2852.78
s351            13324.09                     166.55                0.00             3179.47
s352            13324.09                     166.55                0.00             2601.50
s353            13324.09                     166.55                0.00             1509.77
s354            13324.09                     166.55                0.00             3823.64
s355            13324.09                     166.55                0.00             3571.74
s356            13324.09                     166.55                0.00             3875.39
s357            13324.09                     166.55                0.00             4280.25
s358            13324.09                     166.55                0.00             2852.04
s359            13324.09                     166.55                0.00             4265.23
s360            13324.09                     166.55                0.00              825.21
s361            13324.09                     166.55                0.00             1375.37
s362            13324.09                     166.55                0.00             4491.66
s363            13324.09                     166.55                0.00             2413.32
s364            13324.09                     166.55                0.00             1933.66
s365            13324.09                     166.55                0.00             3642.06
s366            13324.09                     166.55                0.00             2738.89
s367            13324.09                     166.55                0.00             2955.03
s368            13324.09                     166.55                0.00             2842.44
s369            13324.09                     166.55                0.00             3265.33
s370            13324.09                     166.55                0.00             3466.06
s371            13324.09                     166.55                0.00             3056.62
s372            13324.09                     166.55                0.00             3505.10
s373            13324.09                     166.55                0.00             3691.91
s374            13324.09                     166.55                0.00             2614.83
s375            13324.09                     166.55                0.00             2408.88
s376            13324.09                     166.55                0.00             4552.70
s377            13324.09                     166.55                0.00             3847.04
s378            13324.09                     166.55                0.00             3021.95
s379            13324.09                     166.55                0.00             2600.60
s380            13324.09                     166.55                0.00             2598.04
s381            13324.09                     166.55                0.00             1615.59
s382            13324.09                     166.55                0.00             4346.74
s383            13324.09                     166.55                0.00             2121.17
s384            13324.09                     166.55                0.00             4960.92
s385            13324.09                     166.55                0.00             3457.29
s386            13324.09                     166.55                0.00             2442.16
s387            13324.09                     166.55                0.00             3314.15
s388            13324.09                     166.55                0.00             4276.88
s389            13324.09                     166.55                0.00             3432.38
s390            13324.09                     166.55                0.00             4652.09
s391            13324.09                     166.55                0.00             3111.07
s392            13324.09                     166.55                0.00             3154.04
s393            13324.09                     166.55                0.00             1317.13
s394            13324.09                     166.55                0.00             2136.47
s395            13324.09                     166.55                0.00             3474.49
s396            13324.09                     166.55                0.00             2025.20
s397            13324.09                     166.55                0.00             3377.13
s398            13324.09                     166.55                0.00             4474.91
s399            13324.09                     166.55                0.00             2306.50
s400            13324.09                     166.55                0.00             2098.96
s401            13324.09                     166.55                0.00             4365.52
s402            13324.09                     166.55                0.00             3741.04
s403            13324.09                     166.55                0.00             2648.38
s404            13324.09                     166.55                0.00             4094.50
s405            13324.09                     166.55                0.00             1986.02
s406            13324.09                     166.55                0.00             3606.30
s407            13324.09                     166.55                0.00             3366.76
s408            13324.09                     166.55                0.00             2045.87
s409            13324.09                     166.55                0.00             2632.62
s410            13324.09                     166.55                0.00             2849.03
s411            13324.09                     166.55                0.00             2494.79
s412            13324.09                     166.55                0.00              743.04
s413            13324.09                     166.55                0.00             3120.20
s414            13324.09                     166.55                0.00             3460.91
s415            13324.09                     166.55                0.00             3868.88
s416            13324.09                     166.55                0.00             3639.56
s417            13324.09                     166.55                0.00             3375.56
s418            13324.09                     166.55                0.00             3638.73
s419            13324.09                     166.55                0.00             4999.04
s420            13324.09                     166.55                0.00              737.17
s421            13324.09                     166.55                0.00             2760.80
s422            13324.09                     166.55                0.00             1662.55
s423            13324.09                     166.55                0.00             3469.41
s424            13324.09                     166.55                0.00             3764.48
s425            13324.09                     166.55                0.00             3021.03
s426            13324.09                     166.55                0.00             2291.80
s427            13324.09                     166.55                0.00             1788.76
s428            13324.09                     166.55                0.00             2629.79
s429            13324.09                     166.55                0.00             4474.03
s430            13324.09                     166.55                0.00             2838.75
s431            13324.09                     166.55                0.00             2177.73
s432            13324.09                     166.55                0.00             2708.40
s433            13324.09                     166.55                0.00             1633.83
s434            13324.09                     166.55                0.00             3809.33
s435            13324.09                     166.55                0.00             1139.83
s436            13324.09                     166.55                0.00             2767.47
s437            13324.09                     166.55                0.00             3093.50
s438            13324.09                     166.55                0.00             4122.92
s439            13324.09                     166.55                0.00             2944.97
s440            13324.09                     166.55                0.00             1967.31
s441            13324.09                     166.55                0.00              550.71
s442            13324.09                     166.55                0.00             2071.78
s443            13324.09                     166.55                0.00             3659.06
s444            13324.09                     166.55                0.00             3847.68
s445            13324.09                     166.55                0.00             3508.44
s446            13324.09                     166.55                0.00             3547.67
s447            13324.09                     166.55                0.00             1869.99
s448            13324.09                     166.55                0.00             4516.27
s449            13324.09                     166.55                0.00             5292.89
s450            13324.09                     166.55                0.00             4436.69
s451            13324.09                     166.55                0.00             2722.73
s452            13324.09                     166.55                0.00             1892.67
s453            13324.09                     166.55                0.00             3977.76
s454            13324.09                     166.55                0.00             5742.93
s455            13324.09                     166.55                0.00             4437.46
s456            13324.09                     166.55                0.00             1801.03
s457            13324.09                     166.55                0.00             2652.99
s458            13324.09                     166.55                0.00             2252.26
s459            13324.09                     166.55                0.00             1480.07
s460            13324.09                     166.55                0.00             2945.71
s461            13324.09                     166.55                0.00             4208.20
s462            13324.09                     166.55                0.00             1979.30
s463            13324.09                     166.55                0.00             4166.14
s464            13324.09                     166.55                0.00             3774.74
s465            13324.09                     166.55                0.00             1459.94
s466            13324.09                     166.55                0.00             3158.20
s467            13324.09                     166.55                0.00             1689.51
s468            13324.09                     166.55                0.00              166.55
s469            -3331.02                       0.00              166.55                0.00
s470            13324.09                     166.55                0.00             4851.84
s471            13324.09                     166.55                0.00             3980.06
s472            13324.09                     166.55                0.00             2757.49
s473            13324.09                     166.55                0.00             2808.22
s474            13324.09                     166.55                0.00             1775.45
s475            13324.09                     166.55                0.00             2815.37
s476            13324.09                     166.55                0.00             5157.40
s477            13324.09                     166.55                0.00             1135.73
s478            13324.09                     166.55                0.00             3904.70
s479            13324.09                     166.55                0.00             2882.47
s480            13324.09                     166.55                0.00             4877.46
s481            13324.09                     166.55                0.00             1975.52
s482            13324.09                     166.55                0.00             2265.00
s483            13324.09                     166.55                0.00             3968.11
s484            13324.09                     166.55                0.00             5149.28
s485            13324.09                     166.55                0.00              777.28
s486            13324.09                     166.55                0.00              958.06
s487            13324.09                     166.55                0.00             4284.70
s488            13324.09                     166.55                0.00             3327.25
s489            13324.09                     166.55                0.00             5573.77
s490            13324.09                     166.55                0.00             4540.77
s491            13324.09                     166.55                0.00             3802.55
s492            13324.09                     166.55                0.00             3135.32
s493            13324.09                     166.55                0.00             3264.10
s494            13324.09                     166.55                0.00             2123.96
s495            13324.09                     166.55                0.00             2876.49
s496            13324.09                     166.55                0.00             1770.73
s497            13324.09                     166.55                0.00             3059.01
s498            13324.09                     166.55                0.00             2886.80
s499            13324.09                     166.55                0.00             3058.25
s500            13324.09                     166.55                0.00             5004.41
s501            13324.09                     166.55                0.00             3243.74
s502            13324.09                     166.55                0.00             3776.77
s503            13324.09                     166.55                0.00             1594.22
s504            13324.09                     166.55                0.00             2048.33
s505            13324.09                     166.55                0.00             3418.69
s506            13324.09                     166.55                0.00             2862.68
s507            13324.09                     166.55                0.00             5600.52
s508            13324.09                     166.55                0.00             4239.73
s509            13324.09                     166.55                0.00             1496.49
s510            13324.09                     166.55                0.00             2137.57
s511            13324.09                     166.55                0.00             2313.17
s512            -3331.02                       0.00              166.55                0.00
s513            13324.09                     166.55                0.00             4519.56
s514            13324.09                     166.55                0.00             1913.62
s515            13324.09                     166.55                0.00             1758.86
s516            13324.09                     166.55                0.00             3420.47
s517            13324.09                     166.55                0.00             2568.45
s518            13324.09                     166.55                0.00             2663.48
s519            13324.09                     166.55                0.00             4059.48
s520            13324.09                     166.55                0.00             4541.30
s521            13324.09                     166.55                0.00             2579.28
s522            13324.09                     166.55                0.00             3507.74
s523            13324.09                     166.55                0.00             2178.62
s524            13324.09                     166.55                0.00             2473.42
s525            13324.09                     166.55                0.00             5093.49
s526            13324.09                     166.55                0.00             4286.58
s527            13324.09                     166.55                0.00             4157.60
s528            13324.09                     166.55                0.00             1474.42
s529            13324.09                     166.55                0.00             2832.33
s530            13324.09                     166.55                0.00             4563.53
s531            13324.09                     166.55                0.00             4719.79
s532            13324.09                     166.55                0.00             4085.64
s533            13324.09                     166.55                0.00             3501.71
s534            13324.09                     166.55                0.00             3799.83
s535            13324.09                     166.55                0.00             1785.51
s536            13324.09                     166.55                0.00             4811.28
s537             6259.35                      95.90               70.65               95.90
s538            13324.09                     166.55                0.00             4215.52
s539            13324.09                     166.55                0.00             3571.54
s540            13324.09                     166.55                0.00             7522.15
s541            13324.09                     166.55                0.00             2418.87
s542            13324.09                     166.55                0.00             2627.18
s543            13324.09                     166.55                0.00             2083.57
s544            13324.09                     166.55                0.00             2867.76
s545            13324.09                     166.55                0.00             5482.97
s546            13324.09                     166.55                0.00             5798.91
s547            13324.09                     166.55                0.00             3490.85
s548            13324.09                     166.55                0.00             2517.71
s549            13324.09                     166.55                0.00             2499.12
s550            13324.09                     166.55                0.00             3184.53
s551            13324.09                     166.55                0.00             2908.86
s552            13324.09                     166.55                0.00             4173.97
s553            13324.09                     166.55                0.00             3492.64
s554            13324.09                     166.55                0.00             3513.33
s555            13324.09                     166.55                0.00             2348.75
s556            13324.09                     166.55                0.00             3154.30
s557            13324.09                     166.55                0.00             2916.17
s558            13324.09                     166.55                0.00             4101.17
s559            13324.09                     166.55                0.00             2570.47
s560            13324.09                     166.55                0.00             3411.39
s561            13324.09                     166.55                0.00             1818.18
s562            13324.09                     166.55                0.00             2746.09
s563            13324.09                     166.55                0.00             3901.73
s564            13324.09                     166.55                0.00             5689.53
s565            13324.09                     166.55                0.00             1795.72
s566            13324.09                     166.55                0.00             3905.11
s567            13324.09                     166.55                0.00             3209.07
s568            13324.09                     166.55                0.00             3262.45
s569            13324.09                     166.55                0.00             3744.22
s570            13324.09                     166.55                0.00             2669.39
s571            13324.09                     166.55                0.00             3093.03
s572            13324.09                     166.55                0.00             3383.19
s573            13324.09                     166.55                0.00             1570.55
s574            13324.09                     166.55                0.00             2561.43
s575            13324.09                     166.55                0.00             2259.13
s576            13324.09                     166.55                0.00             3750.27
s577            13324.09                     166.55                0.00             2770.59
s578            13324.09                     166.55                0.00             4654.49
s579            13324.09                     166.55                0.00             4768.81
s580            13324.09                     166.55                0.00             4351.39
s581            13324.09                     166.55                0.00             1631.98
s582            13324.09                     166.55                0.00             2966.82
s583            13324.09                     166.55                0.00             5124.28
s584            13324.09                     166.55                0.00             4248.87
s585            13324.09                     166.55                0.00             3086.08
s586            13324.09                     166.55                0.00             7593.80
s587            13324.09                     166.55                0.00             3471.66
s588            13324.09                     166.55                0.00             4924.71
s589            13324.09                     166.55                0.00             2675.20
s590            13324.09                     166.55                0.00             1229.85
s591            13324.09                     166.55                0.00             2367.26
s592            13324.09                     166.55                0.00             2277.69
s593            13324.09                     166.55                0.00             2067.69
s594            13324.09                     166.55                0.00             2263.71
s595            13324.09                     166.55                0.00             3963.16
s596            13324.09                     166.55                0.00             5070.30
s597            13324.09                     166.55                0.00             4209.78
s598            13324.09                     166.55                0.00             3412.11
s599            13324.09                     166.55                0.00             4584.96
s600            13324.09                     166.55                0.00             2642.40
s601            13324.09                     166.55                0.00              504.18
s602            13324.09                     166.55                0.00             3611.60
s603            13324.09                     166.55                0.00             3035.74
s604            13324.09                     166.55                0.00             2710.65
s605            13324.09                     166.55                0.00             4724.58
s606            13324.09                     166.55                0.00             1758.64
s607            13324.09                     166.55                0.00             3298.15
s608            13324.09                     166.55                0.00             2741.79
s609            13324.09                     166.55                0.00             4303.92
s610            13324.09                     166.55                0.00             4109.20
s611            13324.09                     166.55                0.00             2154.40
s612            13324.09                     166.55                0.00             2639.33
s613            13324.09                     166.55                0.00             4013.52
s614            13324.09                     166.55                0.00             4473.59
s615            13324.09                     166.55                0.00             4371.24
s616            13324.09                     166.55                0.00             3177.97
s617            13324.09                     166.55                0.00             4257.30
s618            13324.09                     166.55                0.00             3406.46
s619            13324.09                     166.55                0.00             4453.38
s620            13324.09                     166.55                0.00             3915.61
s621            13324.09                     166.55                0.00             4992.72
s622            13324.09                     166.55                0.00             2773.90
s623            13324.09                     166.55                0.00             2584.12
s624            13324.09                     166.55                0.00             4588.58
s625            13324.09                     166.55                0.00             4264.39
s626            13324.09                     166.55                0.00             3739.13
s627            13324.09                     166.55                0.00             2808.19
s628            13324.09                     166.55                0.00             3256.34
s629            13324.09                     166.55                0.00             3366.47
s630            13324.09                     166.55                0.00             3784.30
s631            13324.09                     166.55                0.00             4524.95
s632            13324.09                     166.55                0.00             4458.47
s633            13324.09                     166.55                0.00             1800.47
s634            13324.09                     166.55                0.00             5114.79
s635            13324.09                     166.55                0.00             2950.79
s636            13324.09                     166.55                0.00             2017.20
s637            13324.09                     166.55                0.00             2466.05
s638            13324.09                     166.55                0.00             2923.39
s639            13324.09                     166.55                0.00             2337.47
s640            13324.09                     166.55                0.00             4123.54
s641            13324.09                     166.55                0.00             2739.48
s642            13324.09                     166.55                0.00             3340.03
s643            13324.09                     166.55                0.00             6148.19
s644            13324.09                     166.55                0.00             2664.77
s645            13324.09                     166.55                0.00             3053.38
s646            13324.09                     166.55                0.00             4276.87
s647            13324.09                     166.55                0.00             4848.35
s648            13324.09                     166.55                0.00             3233.87
s649            13324.09                     166.55                0.00             3011.29
s650            13324.09                     166.55                0.00             2103.69
s651            13324.09                     166.55                0.00             3761.10
s652            13324.09                     166.55                0.00             3254.77
s653            13324.09                     166.55                0.00             4348.52
s654            13324.09                     166.55                0.00             2540.86
s655            13324.09                     166.55                0.00             2975.28
s656            13324.09                     166.55                0.00             2509.85
s657            13324.09                     166.55                0.00             2696.85
s658            13324.09                     166.55                0.00             3158.92
s659            13324.09                     166.55                0.00             1885.00
s660            13324.09                     166.55                0.00             2677.22
s661            13324.09                     166.55                0.00             2553.49
s662            13324.09                     166.55                0.00             3630.06
s663            13324.09                     166.55                0.00             1389.85
s664            13324.09                     166.55                0.00             4542.15
s665            13324.09                     166.55                0.00             4662.61
s666            13324.09                     166.55                0.00             2584.71
s667            13324.09                     166.55                0.00             3575.80
s668            13324.09                     166.55                0.00             2896.09
s669            13324.09                     166.55                0.00             3548.42
s670            13324.09                     166.55                0.00             3501.09
s671            13324.09                     166.55                0.00             4540.04
s672            13324.09                     166.55                0.00             2857.78
s673            13324.09                     166.55                0.00             4653.68
s674            13324.09                     166.55                0.00             3767.87
s675            13324.09                     166.55                0.00             2899.17
s676            13324.09                     166.55                0.00             2742.07
s677            13324.09                     166.55                0.00             4484.41
s678            13324.09                     166.55                0.00             4083.43
s679            13324.09                     166.55                0.00             2658.83
s680            13324.09                     166.55                0.00             2573.67
s681            13324.09                     166.55                0.00             4668.63
s682            13324.09                     166.55                0.00             3964.22
s683            13324.09                     166.55                0.00             3851.53
s684            13324.09                     166.55                0.00             2075.83
s685            13324.09                     166.55                0.00             5428.32
s686            13324.09                     166.55                0.00             3390.30
s687            13324.09                     166.55                0.00             5149.09
s688            13324.09                     166.55                0.00             4067.76
s689            13324.09                     166.55                0.00             3325.90
s690            13324.09                     166.55                0.00             3829.42
s691            13324.09                     166.55                0.00             4115.61
s692            13324.09                     166.55                0.00             4347.75
s693            13324.09                     166.55                0.00              735.66
s694            13324.09                     166.55                0.00             3649.71
s695            13324.09                     166.55                0.00             3040.11
s696            13324.09                     166.55                0.00             1353.59
s697            13324.09                     166.55                0.00             3651.63
s698            13324.09                     166.55                0.00             3534.01
s699            13324.09                     166.55                0.00             3010.33
s700            13324.09                     166.55                0.00             4274.63
s701            13324.09                     166.55                0.00             1979.94
s702            13324.09                     166.55                0.00             1243.73
s703            13324.09                     166.55                0.00             2247.65
s704            13324.09                     166.55                0.00             3249.34
s705            13324.09                     166.55                0.00             6014.80
s706            13324.09                     166.55                0.00             2894.81
s707            13324.09                     166.55                0.00             4027.67
s708            13324.09                     166.55                0.00             3286.20
s709            13324.09                     166.55                0.00             3765.58
s710            13324.09                     166.55                0.00             3485.44
s711            13324.09                     166.55                0.00             2551.11
s712            13324.09                     166.55                0.00             2339.62
s713            13324.09                     166.55                0.00             1150.07
s714            13324.09                     166.55                0.00             2841.79
s715            13324.09                     166.55                0.00             2130.94
s716            13324.09                     166.55                0.00             4778.89
s717            13324.09                     166.55                0.00             2625.35
s718            13324.09                     166.55                0.00              687.83
s719            13324.09                     166.55                0.00             2291.86
s720            13324.09                     166.55                0.00             2869.64
s721            13324.09                     166.55                0.00             3937.43
s722            13324.09                     166.55                0.00             3947.75
s723            13324.09                     166.55                0.00             4839.66
s724            13324.09                     166.55                0.00             2511.35
s725            13324.09                     166.55                0.00             1863.82
s726            13324.09                     166.55                0.00             2117.68
s727            13324.09                     166.55                0.00             1933.33
s728            13324.09                     166.55                0.00             3653.99
s729            13324.09                     166.55                0.00              629.16
s730            13324.09                     166.55                0.00             3251.25
s731            13324.09                     166.55                0.00             4295.44
s732            13324.09                     166.55                0.00             3259.96
s733            13324.09                     166.55                0.00             4070.31
s734            13324.09                     166.55                0.00             4456.71
s735            13324.09                     166.55                0.00             2760.08
s736            13324.09                     166.55                0.00             3740.01
s737            13324.09                     166.55                0.00             1520.89
s738            13324.09                     166.55                0.00             4058.69
s739            13324.09                     166.55                0.00             3758.47
s740            13324.09                     166.55                0.00              828.82
s741            13324.09                     166.55                0.00             2372.54
s742            13324.09                     166.55                0.00             3671.03
s743            13324.09                     166.55                0.00             4454.55
s744            13324.09                     166.55                0.00             2247.78
s745            13324.09                     166.55                0.00              806.75
s746            13324.09                     166.55                0.00             3108.67
s747            13324.09                     166.55                0.00             2459.49
s748            13324.09                     166.55                0.00             3132.43
s749            13324.09                     166.55                0.00             1400.09
s750            13324.09                     166.55                0.00             2964.93
s751            13324.09                     166.55                0.00             1491.38
s752            13324.09                     166.55                0.00             4327.13
s753            13324.09                     166.55                0.00             3808.48
s754            13324.09                     166.55                0.00             4308.15
s755            13324.09                     166.55                0.00             2890.55
s756            13324.09                     166.55                0.00             2695.71
s757            13324.09                     166.55                0.00             1797.04
s758            13324.09                     166.55                0.00             2829.02
s759            13324.09                     166.55                0.00             2086.39
s760            13324.09                     166.55                0.00             3025.54
s761            13324.09                     166.55                0.00             2472.52
s762             2209.18                      55.40              111.15               55.40
s763            13324.09                     166.55                0.00             3435.61
s764            13324.09                     166.55                0.00             2815.84
s765            13324.09                     166.55                0.00             3909.41
s766            13324.09                     166.55                0.00             2770.51
s767            13324.09                     166.55                0.00             3049.21
s768            13324.09                     166.55                0.00             4192.51
s769            13324.09                     166.55                0.00             3692.80
s770            13324.09                     166.55                0.00             2568.23
s771            13324.09                     166.55                0.00             2088.66
s772            13324.09                     166.55                0.00             2515.88
s773            13324.09                     166.55                0.00             3008.22
s774            13324.09                     166.55                0.00             1768.55
s775            13324.09                     166.55                0.00             4207.64
s776            13324.09                     166.55                0.00              902.50
s777            13324.09                     166.55                0.00             3276.20
s778            13324.09                     166.55                0.00             3550.82
s779            13324.09                     166.55                0.00             3212.75
s780            13324.09                     166.55                0.00             2491.82
s781            13324.09                     166.55                0.00             3637.04
s782            13324.09                     166.55                0.00             4725.85
s783            13324.09                     166.55                0.00             2537.93
s784            13324.09                     166.55                0.00             4100.33
s785            13324.09                     166.55                0.00             2323.70
s786            13324.09                     166.55                0.00             4138.65
s787            13324.09                     166.55                0.00             2920.68
s788            13324.09                     166.55                0.00             4745.56
s789            13324.09                     166.55                0.00             4852.44
s790            13324.09                     166.55                0.00             1883.80
s791            13324.09                     166.55                0.00             4321.98
s792            13324.09                     166.55                0.00             2685.64
s793            13324.09                     166.55                0.00             6035.53
s794            13324.09                     166.55                0.00             1759.15
s795            13324.09                     166.55                0.00             1911.72
s796            13324.09                     166.55                0.00             3664.80
s797            13324.09                     166.55                0.00             1834.51
s798            13324.09                     166.55                0.00             1732.54
s799            13324.09                     166.55                0.00             3369.87
s800            13324.09                     166.55                0.00             2843.38
s801            13324.09                     166.55                0.00             4641.19
s802            13324.09                     166.55                0.00             5818.94
s803            13324.09                     166.55                0.00             1794.54
s804            13324.09                     166.55                0.00             3717.57
s805            13324.09                     166.55                0.00             3264.00
s806            13324.09                     166.55                0.00             3780.96
s807            13324.09                     166.55                0.00             2614.04
s808            13324.09                     166.55                0.00             2377.25
s809            13324.09                     166.55                0.00             2629.22
s810            13324.09                     166.55                0.00             1358.97
s811            13324.09                     166.55                0.00             4518.49
s812            13324.09                     166.55                0.00             2427.36
s813            13324.09                     166.55                0.00             2402.35
s814            13324.09                     166.55                0.00             4131.85
s815            13324.09                     166.55                0.00             4064.17
s816            13324.09                     166.55                0.00             3277.52
s817            13324.09                     166.55                0.00             3299.79
s818            13324.09                     166.55                0.00             4043.74
s819            13324.09                     166.55                0.00             3970.90
s820            13324.09                     166.55                0.00             4488.34
s821            13324.09                     166.55                0.00             5108.29
s822            13324.09                     166.55                0.00             2457.06
s823            13324.09                     166.55                0.00             3334.86
s824            13324.09                     166.55                0.00             3068.41
s825            13324.09                     166.55                0.00             3674.90
s826            13324.09                     166.55                0.00             2911.90
s827            13324.09                     166.55                0.00             5314.43
s828            13324.09                     166.55                0.00             2952.21
s829            13324.09                     166.55                0.00             3773.81
s830            13324.09                     166.55                0.00             4418.07
s831            13324.09                     166.55                0.00             3362.92
s832            13324.09                     166.55                0.00             3515.08
s833            13324.09                     166.55                0.00             5286.51
s834            13324.09                     166.55                0.00             6320.49
s835            13324.09                     166.55                0.00             4355.46
s836            13324.09                     166.55                0.00             3765.63
s837            13324.09                     166.55                0.00             2126.10
s838            13324.09                     166.55                0.00             4085.26
s839            13324.09                     166.55                0.00             1854.77
s840            13324.09                     166.55                0.00             3674.04
s841            13324.09                     166.55                0.00             1155.39
s842            13324.09                     166.55                0.00             4315.15
s843            13324.09                     166.55                0.00             2179.84
s844            13324.09                     166.55                0.00             2800.45
s845            13324.09                     166.55                0.00             2037.95
s846            13324.09                     166.55                0.00             3089.17
s847            13324.09                     166.55                0.00             4255.98
s848            13324.09                     166.55                0.00             2504.26
s849            13324.09                     166.55                0.00             2258.75
s850            13324.09                     166.55                0.00             2124.51
s851            13324.09                     166.55                0.00             3758.65
s852            13324.09                     166.55                0.00             2162.37
s853            13324.09                     166.55                0.00             1905.59
s854            13324.09                     166.55                0.00             3953.91
s855            13324.09                     166.55                0.00             4347.45
s856            13324.09                     166.55                0.00             3421.93
s857            13324.09                     166.55                0.00             2266.85
s858            13324.09                     166.55                0.00             2723.90
s859            13324.09                     166.55                0.00             3705.26
s860            13324.09                     166.55                0.00             2823.65
s861            13324.09                     166.55                0.00             2408.95
s862            13324.09                     166.55                0.00             3337.97
s863            13324.09                     166.55                0.00             1963.38
s864            13324.09                     166.55                0.00             3432.50
s865            13324.09                     166.55                0.00             5001.26
s866            13324.09                     166.55                0.00             7977.10
s867            13324.09                     166.55                0.00             2464.44
s868            13324.09                     166.55                0.00             2885.15
s869            13324.09                     166.55                0.00             2236.80
s870            13324.09                     166.55                0.00             2382.92
s871            13324.09                     166.55                0.00             2199.16
s872            13324.09                     166.55                0.00             2198.89
s873            13324.09                     166.55                0.00             3034.38
s874            13324.09                     166.55                0.00             3577.90
s875            13324.09                     166.55                0.00             4002.71
s876            13324.09                     166.55                0.00             3001.38
s877            13324.09                     166.55                0.00             4951.93
s878            13324.09                     166.55                0.00             3797.28
s879            13324.09                     166.55                0.00             1251.10
s880            13324.09                     166.55                0.00             2538.06
s881            13324.09                     166.55                0.00             3570.62
s882            13324.09                     166.55                0.00             2551.66
s883            13324.09                     166.55                0.00              740.24
s884            13324.09                     166.55                0.00             4285.79
s885            13324.09                     166.55                0.00             1781.70
s886            13324.09                     166.55                0.00             4272.92
s887            13324.09                     166.55                0.00             5247.82
s888            13324.09                     166.55                0.00             4328.85
s889            13324.09                     166.55                0.00             4683.40
s890            13324.09                     166.55                0.00             3240.45
s891            13324.09                     166.55                0.00             3837.92
s892            13324.09                     166.55                0.00             4093.52
s893            13324.09                     166.55                0.00             2109.21
s894            13324.09                     166.55                0.00             2439.66
s895            13324.09                     166.55                0.00             1719.93
s896            13324.09                     166.55                0.00             2303.01
s897            13324.09                     166.55                0.00             2826.62
s898            13324.09                     166.55                0.00             3117.32
s899            13324.09                     166.55                0.00             3368.19
s900            13324.09                     166.55                0.00             1780.60
s901            13324.09                     166.55                0.00             2143.29
s902            13324.09                     166.55                0.00             2586.05
s903            13324.09                     166.55                0.00             2470.83
s904            13324.09                     166.55                0.00             3756.06
s905            13324.09                     166.55                0.00             1955.12
s906            13324.09                     166.55                0.00             5392.87
s907            13324.09                     166.55                0.00             4079.70
s908            13324.09                     166.55                0.00             3558.27
s909            13324.09                     166.55                0.00             4381.37
s910            13324.09                     166.55                0.00             3059.99
s911            13324.09                     166.55                0.00             2399.68
s912            13324.09                     166.55                0.00             4581.84
s913            13324.09                     166.55                0.00              782.83
s914            13324.09                     166.55                0.00             2762.02
s915            13324.09                     166.55                0.00             3898.20
s916            13324.09                     166.55                0.00             3460.04
s917            13324.09                     166.55                0.00             1992.11
s918            13324.09                     166.55                0.00             1983.87
s919            13324.09                     166.55                0.00             1758.12
s920            13324.09                     166.55                0.00             3162.90
s921            13324.09                     166.55                0.00             2735.61
s922            13324.09                     166.55                0.00             1532.40
s923            13324.09                     166.55                0.00             1245.27
s924            13324.09                     166.55                0.00             4490.77
s925            13324.09                     166.55                0.00             1351.85
s926            13324.09                     166.55                0.00             4043.23
s927            13324.09                     166.55                0.00             2203.06
s928            13324.09                     166.55                0.00             2439.97
s929            13324.09                     166.55                0.00             2679.85
s930            13324.09                     166.55                0.00             2946.47
s931            13324.09                     166.55                0.00             4224.48
s932            13324.09                     166.55                0.00             3178.47
s933            13324.09                     166.55                0.00             2717.89
s934            13324.09                     166.55                0.00             1642.74
s935            13324.09                     166.55                0.00             4141.19
s936            13324.09                     166.55                0.00             4604.39
s937            13324.09                     166.55                0.00             4878.64
s938            13324.09                     166.55                0.00             2398.14
s939            13324.09                     166.55                0.00              490.83
s940            13324.09                     166.55                0.00             2929.40
s941            13324.09                     166.55                0.00             4826.24
s942            13324.09                     166.55                0.00             3001.98
s943            13324.09                     166.55                0.00             2221.25
s944            13324.09                     166.55                0.00             2532.56
s945            13324.09                     166.55                0.00             2206.24
s946            13324.09                     166.55                0.00             3372.67
s947            13324.09                     166.55                0.00             2289.71
s948            13324.09                     166.55                0.00             1951.03
s949            13324.09                     166.55                0.00              918.03
s950            13324.09                     166.55                0.00             2743.97
s951            13324.09                     166.55                0.00             3473.07
s952            13324.09                     166.55                0.00             3642.63
s953            13324.09                     166.55                0.00             2415.64
s954            13324.09                     166.55                0.00             4806.45
s955            13324.09                     166.55                0.00             4026.91
s956            13324.09                     166.55                0.00             2191.89
s957            13324.09                     166.55                0.00             2982.48
s958            13324.09                     166.55                0.00             3249.37
s959            13324.09                     166.55                0.00             2680.03
s960            13324.09                     166.55                0.00             4830.69
s961            13324.09                     166.55                0.00             3702.37
s962            13324.09                     166.55                0.00             3393.58
s963            13324.09                     166.55                0.00             3772.40
s964            13324.09                     166.55                0.00             3069.58
s965            13324.09                     166.55                0.00             4851.12
s966            13324.09                     166.55                0.00             3986.17
s967            13324.09                     166.55                0.00             3605.83
s968            13324.09                     166.55                0.00             3650.21
s969            13324.09                     166.55                0.00             1670.72
s970            13324.09                     166.55                0.00             4612.46
s971            13324.09                     166.55                0.00             1017.75
s972            13324.09                     166.55                0.00             2059.87
s973            13324.09                     166.55                0.00             3590.05
s974            13324.09                     166.55                0.00             3942.83
s975            13324.09                     166.55                0.00             3810.33
s976            13324.09                     166.55                0.00             4394.38
s977            13324.09                     166.55                0.00             2345.34
s978            13324.09                     166.55                0.00             3999.53
s979            13324.09                     166.55                0.00             1793.13
s980            13324.09                     166.55                0.00             3756.12
s981            13324.09                     166.55                0.00             3606.26
s982            13324.09                     166.55                0.00             1612.68
s983            13324.09                     166.55                0.00             3544.87
s984            13324.09                     166.55                0.00             1976.19
s985            13324.09                     166.55                0.00             2646.93
s986            13324.09                     166.55                0.00             3771.61
s987            13324.09                     166.55                0.00             2526.00
s988            13324.09                     166.55                0.00             6155.41
s989            13324.09                     166.55                0.00             3874.54
s990            13324.09                     166.55                0.00             2941.15
s991            13324.09                     166.55                0.00             2013.13
s992            13324.09                     166.55                0.00             5211.91
s993            13324.09                     166.55                0.00             2118.32
s994            13324.09                     166.55                0.00             3092.06
s995            13324.09                     166.55                0.00              903.23
s996            13324.09                     166.55                0.00             1780.42
s997            13324.09                     166.55                0.00             1899.59
s998            13324.09                     166.55                0.00             2394.19
s999            13324.09                     166.55                0.00             2505.30
s1000           13324.09                     166.55                0.00             2825.04
