Orders             Exp_profit          Exp_sales           Exp_lost_sales      Exp_leftover        Stockout_prob       CVaR

     2815.84          194521.63             2508.39              628.79              307.46                0.60           163775.67



Scenario           Profit              Sales               Leftover_inv        demand
s1             225267.59                    2815.84                0.00             3188.25
s2             225267.59                    2815.84                0.00             3838.86
s3              98950.97                    1552.68             1263.17             1552.68
s4             225267.59                    2815.84                0.00             3162.94
s5             104268.18                    1605.85             1209.99             1605.85
s6             191766.02                    2480.83              335.02             2480.83
s7             225267.59                    2815.84                0.00             3563.91
s8             134403.37                    1907.20              908.64             1907.20
s9             225267.59                    2815.84                0.00             3974.80
s10            -56316.90                       0.00             2815.84                0.00
s11            215226.82                    2715.44              100.41             2715.44
s12            145421.23                    2017.38              798.46             2017.38
s13            209907.20                    2662.24              153.60             2662.24
s14            225267.59                    2815.84                0.00             4485.04
s15            222468.71                    2787.86               27.99             2787.86
s16            190408.71                    2467.26              348.59             2467.26
s17            225267.59                    2815.84                0.00             4192.53
s18            225267.59                    2815.84                0.00             2870.00
s19            212642.17                    2689.59              126.25             2689.59
s20            196324.17                    2526.41              289.43             2526.41
s21            225267.59                    2815.84                0.00             4091.27
s22            225267.59                    2815.84                0.00             3307.65
s23            225267.59                    2815.84                0.00             4714.17
s24             80369.75                    1366.87             1448.98             1366.87
s25            225267.59                    2815.84                0.00             4182.56
s26            -51551.50                      47.65             2768.19               47.65
s27            225267.59                    2815.84                0.00             3866.85
s28            225267.59                    2815.84                0.00             4048.97
s29            225267.59                    2815.84                0.00             4090.59
s30            225267.59                    2815.84                0.00             4408.84
s31            225267.59                    2815.84                0.00             3328.51
s32            225267.59                    2815.84                0.00             3301.81
s33            225267.59                    2815.84                0.00             3874.48
s34            225267.59                    2815.84                0.00             3907.43
s35            225267.59                    2815.84                0.00             2962.42
s36            225267.59                    2815.84                0.00             3141.30
s37            225267.59                    2815.84                0.00             3648.11
s38            225267.59                    2815.84                0.00             3681.10
s39            225267.59                    2815.84                0.00             5003.22
s40            225267.59                    2815.84                0.00             3378.43
s41            225267.59                    2815.84                0.00             5107.10
s42            130485.90                    1868.03              947.82             1868.03
s43            217310.93                    2736.28               79.57             2736.28
s44            -34710.51                     216.06             2599.78              216.06
s45            225267.59                    2815.84                0.00             2855.29
s46            105010.88                    1613.28             1202.57             1613.28
s47            134071.20                    1903.88              911.96             1903.88
s48            225267.59                    2815.84                0.00             3148.96
s49            225267.59                    2815.84                0.00             4403.85
s50            225267.59                    2815.84                0.00             3964.55
s51            225267.59                    2815.84                0.00             2925.99
s52            225267.59                    2815.84                0.00             4750.87
s53            132522.32                    1888.39              927.45             1888.39
s54            189640.28                    2459.57              356.27             2459.57
s55            205409.94                    2617.27              198.58             2617.27
s56            172488.89                    2288.06              527.79             2288.06
s57            225267.59                    2815.84                0.00             3585.10
s58            225267.59                    2815.84                0.00             4368.33
s59            225267.59                    2815.84                0.00             4971.11
s60             86482.20                    1427.99             1387.85             1427.99
s61            225267.59                    2815.84                0.00             4248.76
s62            225267.59                    2815.84                0.00             4121.00
s63            138415.59                    1947.32              868.52             1947.32
s64            115721.81                    1720.39             1095.46             1720.39
s65            225267.59                    2815.84                0.00             4508.10
s66            218209.37                    2745.26               70.58             2745.26
s67            183764.95                    2400.82              415.03             2400.82
s68            225267.59                    2815.84                0.00             3201.93
s69            181576.84                    2378.94              436.91             2378.94
s70            192814.99                    2491.32              324.53             2491.32
s71            198814.24                    2551.31              264.53             2551.31
s72            203009.61                    2593.27              222.58             2593.27
s73            225267.59                    2815.84                0.00             7010.74
s74            225267.59                    2815.84                0.00             3956.45
s75            120766.85                    1770.84             1045.01             1770.84
s76            225267.59                    2815.84                0.00             3870.97
s77             50549.25                    1068.66             1747.18             1068.66
s78            225267.59                    2815.84                0.00             3746.06
s79            225267.59                    2815.84                0.00             4210.24
s80            225267.59                    2815.84                0.00             3890.99
s81             74270.56                    1305.87             1509.97             1305.87
s82            225267.59                    2815.84                0.00             3498.27
s83            225267.59                    2815.84                0.00             3197.86
s84            144695.75                    2010.13              805.72             2010.13
s85            165907.89                    2222.25              593.60             2222.25
s86            200538.20                    2568.55              247.29             2568.55
s87            225267.59                    2815.84                0.00             3709.01
s88            225267.59                    2815.84                0.00             3655.25
s89            225267.59                    2815.84                0.00             3448.57
s90            123435.10                    1797.52             1018.32             1797.52
s91            225267.59                    2815.84                0.00             4424.47
s92            225267.59                    2815.84                0.00             4349.05
s93            186302.42                    2426.19              389.65             2426.19
s94            225267.59                    2815.84                0.00             3756.19
s95            225267.59                    2815.84                0.00             2940.36
s96            220295.95                    2766.13               49.72             2766.13
s97            225267.59                    2815.84                0.00             3956.88
s98            191253.57                    2475.70              340.14             2475.70
s99            225267.59                    2815.84                0.00             2966.90
s100            95874.93                    1521.92             1293.93             1521.92
s101           225267.59                    2815.84                0.00             4327.76
s102           225267.59                    2815.84                0.00             3261.12
s103           129675.18                    1859.92              955.92             1859.92
s104           103598.00                    1599.15             1216.70             1599.15
s105           225267.59                    2815.84                0.00             3959.47
s106           225267.59                    2815.84                0.00             3434.49
s107           193768.01                    2500.85              315.00             2500.85
s108            76792.25                    1331.09             1484.75             1331.09
s109           158988.89                    2153.06              662.79             2153.06
s110           225267.59                    2815.84                0.00             4339.83
s111           225267.59                    2815.84                0.00             5598.15
s112           195268.67                    2515.86              299.99             2515.86
s113           -19579.16                     367.38             2448.47              367.38
s114           225267.59                    2815.84                0.00             3099.94
s115           225267.59                    2815.84                0.00             4296.38
s116           225267.59                    2815.84                0.00             3281.13
s117           189813.05                    2461.30              354.55             2461.30
s118           225267.59                    2815.84                0.00             3019.16
s119           225267.59                    2815.84                0.00             3096.81
s120           225267.59                    2815.84                0.00             3818.87
s121           219714.11                    2760.31               55.53             2760.31
s122           225267.59                    2815.84                0.00             3906.00
s123           101141.29                    1574.58             1241.26             1574.58
s124           225267.59                    2815.84                0.00             3166.96
s125            34972.93                     912.90             1902.95              912.90
s126           133033.73                    1893.51              922.34             1893.51
s127           225267.59                    2815.84                0.00             3941.33
s128           225267.59                    2815.84                0.00             3211.88
s129           130831.78                    1871.49              944.36             1871.49
s130           -17305.64                     390.11             2425.73              390.11
s131           225267.59                    2815.84                0.00             3719.54
s132           225267.59                    2815.84                0.00             3353.03
s133           225267.59                    2815.84                0.00             3290.54
s134           225267.59                    2815.84                0.00             4304.49
s135           195585.26                    2519.02              296.82             2519.02
s136           225267.59                    2815.84                0.00             3080.56
s137           225267.59                    2815.84                0.00             4784.99
s138           225267.59                    2815.84                0.00             3108.43
s139           225267.59                    2815.84                0.00             4328.83
s140           190907.95                    2472.25              343.60             2472.25
s141           225267.59                    2815.84                0.00             3976.60
s142           225267.59                    2815.84                0.00             3698.00
s143           225267.59                    2815.84                0.00             4542.86
s144            20044.62                     763.62             2052.23              763.62
s145            62178.34                    1184.95             1630.89             1184.95
s146           213652.02                    2699.69              116.16             2699.69
s147           225267.59                    2815.84                0.00             3626.35
s148           225267.59                    2815.84                0.00             4781.35
s149           225267.59                    2815.84                0.00             4151.54
s150           225267.59                    2815.84                0.00             3827.90
s151           225267.59                    2815.84                0.00             2829.46
s152           100223.59                    1565.40             1250.44             1565.40
s153           117911.38                    1742.28             1073.56             1742.28
s154           225267.59                    2815.84                0.00             4234.46
s155           175837.89                    2321.55              494.30             2321.55
s156           181242.98                    2375.60              440.25             2375.60
s157           225267.59                    2815.84                0.00             3579.42
s158           225267.59                    2815.84                0.00             2919.31
s159           220856.19                    2771.73               44.11             2771.73
s160           225267.59                    2815.84                0.00             3750.56
s161           225267.59                    2815.84                0.00             4494.94
s162           202752.30                    2590.69              225.15             2590.69
s163           130812.36                    1871.29              944.55             1871.29
s164           225267.59                    2815.84                0.00             4090.04
s165           225267.59                    2815.84                0.00             2969.56
s166           225267.59                    2815.84                0.00             3185.79
s167           225267.59                    2815.84                0.00             3479.89
s168           167625.11                    2239.42              576.42             2239.42
s169           225267.59                    2815.84                0.00             3749.28
s170           164248.07                    2205.65              610.20             2205.65
s171           225267.59                    2815.84                0.00             3082.36
s172           123682.73                    1800.00             1015.85             1800.00
s173           225267.59                    2815.84                0.00             4267.36
s174           225267.59                    2815.84                0.00             6307.64
s175           225267.59                    2815.84                0.00             4548.85
s176           188026.47                    2443.43              372.41             2443.43
s177           225267.59                    2815.84                0.00             3957.97
s178           225267.59                    2815.84                0.00             3493.36
s179           225267.59                    2815.84                0.00             2961.18
s180           225267.59                    2815.84                0.00             3737.22
s181           225267.59                    2815.84                0.00             4514.19
s182           225267.59                    2815.84                0.00             3352.89
s183           225267.59                    2815.84                0.00             3573.93
s184           225267.59                    2815.84                0.00             5024.76
s185           225267.59                    2815.84                0.00             2998.27
s186           225267.59                    2815.84                0.00             3732.34
s187           -41913.00                     144.04             2671.81              144.04
s188           225267.59                    2815.84                0.00             5122.31
s189           212831.22                    2691.48              124.36             2691.48
s190           225267.59                    2815.84                0.00             3026.21
s191           225267.59                    2815.84                0.00             3688.75
s192           225267.59                    2815.84                0.00             3274.05
s193           225267.59                    2815.84                0.00             3510.31
s194            77197.27                    1335.14             1480.70             1335.14
s195           225267.59                    2815.84                0.00             3645.14
s196           223449.82                    2797.67               18.18             2797.67
s197           225267.59                    2815.84                0.00             3235.16
s198           225267.59                    2815.84                0.00             3181.71
s199           225267.59                    2815.84                0.00             4042.54
s200            96917.18                    1532.34             1283.50             1532.34
s201           201223.18                    2575.40              240.44             2575.40
s202           225267.59                    2815.84                0.00             3764.85
s203           219671.95                    2759.89               55.96             2759.89
s204           225267.59                    2815.84                0.00             3029.35
s205           225267.59                    2815.84                0.00             3293.42
s206           225267.59                    2815.84                0.00             4071.56
s207           225267.59                    2815.84                0.00             4144.28
s208           194971.69                    2512.89              302.96             2512.89
s209           225267.59                    2815.84                0.00             4029.13
s210           198714.15                    2550.31              265.53             2550.31
s211           205254.30                    2615.71              200.13             2615.71
s212           209068.41                    2653.85              161.99             2653.85
s213           225267.59                    2815.84                0.00             2927.99
s214           188790.53                    2451.07              364.77             2451.07
s215           225267.59                    2815.84                0.00             4275.19
s216           225267.59                    2815.84                0.00             4567.11
s217           225267.59                    2815.84                0.00             4616.65
s218           163491.89                    2198.09              617.76             2198.09
s219           225267.59                    2815.84                0.00             3922.24
s220           225267.59                    2815.84                0.00             4843.11
s221           176000.12                    2323.17              492.67             2323.17
s222           195986.24                    2523.03              292.81             2523.03
s223           222303.71                    2786.21               29.64             2786.21
s224           225267.59                    2815.84                0.00             3078.87
s225           225267.59                    2815.84                0.00             4501.35
s226           225267.59                    2815.84                0.00             3628.98
s227           176092.68                    2324.10              491.75             2324.10
s228           154701.70                    2110.19              705.66             2110.19
s229           225267.59                    2815.84                0.00             3114.46
s230           225267.59                    2815.84                0.00             4367.70
s231           145958.59                    2022.75              793.09             2022.75
s232           225267.59                    2815.84                0.00             3208.13
s233           225267.59                    2815.84                0.00             3376.59
s234           225267.59                    2815.84                0.00             3422.66
s235           225267.59                    2815.84                0.00             3092.89
s236           159357.77                    2156.75              659.10             2156.75
s237            94702.50                    1510.19             1305.65             1510.19
s238           215149.70                    2714.67              101.18             2714.67
s239           225267.59                    2815.84                0.00             3196.28
s240           204428.21                    2607.45              208.39             2607.45
s241           146968.62                    2032.86              782.99             2032.86
s242           225267.59                    2815.84                0.00             3734.26
s243           225267.59                    2815.84                0.00             3367.61
s244           225267.59                    2815.84                0.00             3802.00
s245           218742.48                    2750.59               65.25             2750.59
s246           225267.59                    2815.84                0.00             2917.83
s247           225267.59                    2815.84                0.00             3164.90
s248           225267.59                    2815.84                0.00             3743.60
s249           162894.32                    2192.11              623.73             2192.11
s250           225267.59                    2815.84                0.00             3228.50
s251           225267.59                    2815.84                0.00             3137.31
s252           141168.23                    1974.85              840.99             1974.85
s253           225267.59                    2815.84                0.00             3177.52
s254           225267.59                    2815.84                0.00             2958.72
s255           225267.59                    2815.84                0.00             3797.97
s256           169683.97                    2260.01              555.84             2260.01
s257           223670.23                    2799.87               15.97             2799.87
s258           160413.78                    2167.31              648.54             2167.31
s259           225267.59                    2815.84                0.00             3846.63
s260           225267.59                    2815.84                0.00             4091.40
s261           225267.59                    2815.84                0.00             3766.87
s262           186550.97                    2428.68              387.17             2428.68
s263           225267.59                    2815.84                0.00             4661.93
s264           198532.93                    2548.50              267.35             2548.50
s265           225267.59                    2815.84                0.00             3791.74
s266           179447.89                    2357.65              458.20             2357.65
s267           225267.59                    2815.84                0.00             3115.42
s268           172459.16                    2287.76              528.08             2287.76
s269           225267.59                    2815.84                0.00             2850.69
s270           166311.95                    2226.29              589.56             2226.29
s271           120598.37                    1769.15             1046.69             1769.15
s272           180155.69                    2364.73              451.12             2364.73
s273           225267.59                    2815.84                0.00             3440.59
s274           117973.63                    1742.91             1072.94             1742.91
s275           225267.59                    2815.84                0.00             3860.64
s276           225267.59                    2815.84                0.00             3369.12
s277           219231.75                    2755.49               60.36             2755.49
s278           164975.32                    2212.92              602.92             2212.92
s279           225267.59                    2815.84                0.00             4132.07
s280           225267.59                    2815.84                0.00             4502.04
s281           186724.42                    2430.41              385.43             2430.41
s282            78817.53                    1351.34             1464.50             1351.34
s283           169200.79                    2255.18              560.67             2255.18
s284           225267.59                    2815.84                0.00             4902.12
s285           225267.59                    2815.84                0.00             3755.93
s286           225267.59                    2815.84                0.00             3825.63
s287           225267.59                    2815.84                0.00             3136.01
s288           143804.12                    2001.21              814.63             2001.21
s289           210839.80                    2671.57              144.28             2671.57
s290           225267.59                    2815.84                0.00             4036.61
s291           151409.22                    2077.26              738.58             2077.26
s292           225267.59                    2815.84                0.00             3799.42
s293           225267.59                    2815.84                0.00             4098.48
s294           225267.59                    2815.84                0.00             3581.96
s295           -20678.92                     356.38             2459.47              356.38
s296           162103.48                    2184.20              631.64             2184.20
s297           225267.59                    2815.84                0.00             4192.43
s298           225267.59                    2815.84                0.00             3642.28
s299           225267.59                    2815.84                0.00             3857.40
s300           225267.59                    2815.84                0.00             2991.40
s301           225267.59                    2815.84                0.00             4327.46
s302           225267.59                    2815.84                0.00             3547.91
s303           161783.16                    2181.00              634.84             2181.00
s304           225267.59                    2815.84                0.00             4400.82
s305           159677.71                    2159.95              655.90             2159.95
s306           225267.59                    2815.84                0.00             3287.67
s307            24056.08                     803.73             2012.12              803.73
s308           190616.04                    2469.33              346.52             2469.33
s309            62277.76                    1185.95             1629.90             1185.95
s310           225267.59                    2815.84                0.00             4643.70
s311           225267.59                    2815.84                0.00             3516.03
s312           134633.88                    1909.51              906.34             1909.51
s313           210131.88                    2664.49              151.36             2664.49
s314           225267.59                    2815.84                0.00             4877.15
s315           225267.59                    2815.84                0.00             3157.62
s316           140823.18                    1971.40              844.44             1971.40
s317            86588.80                    1429.06             1386.79             1429.06
s318           225267.59                    2815.84                0.00             3712.37
s319           225267.59                    2815.84                0.00             2832.88
s320           153426.81                    2097.44              718.41             2097.44
s321           225267.59                    2815.84                0.00             3988.47
s322           225267.59                    2815.84                0.00             3661.53
s323           225267.59                    2815.84                0.00             4011.89
s324           225267.59                    2815.84                0.00             4058.98
s325           225267.59                    2815.84                0.00             3365.44
s326           225267.59                    2815.84                0.00             3238.29
s327            52700.84                    1090.18             1725.67             1090.18
s328           125614.05                    1819.31              996.54             1819.31
s329           225267.59                    2815.84                0.00             3814.09
s330           181249.95                    2375.67              440.18             2375.67
s331           225267.59                    2815.84                0.00             5231.73
s332           225267.59                    2815.84                0.00             4741.49
s333           225267.59                    2815.84                0.00             4013.90
s334           144657.14                    2009.74              806.10             2009.74
s335           188379.96                    2446.97              368.88             2446.97
s336           225267.59                    2815.84                0.00             3625.91
s337           225267.59                    2815.84                0.00             3998.73
s338           225267.59                    2815.84                0.00             4242.66
s339           225267.59                    2815.84                0.00             3269.02
s340           225267.59                    2815.84                0.00             4716.48
s341           225267.59                    2815.84                0.00             3750.90
s342           225267.59                    2815.84                0.00             3309.51
s343           157046.32                    2133.63              682.21             2133.63
s344            92303.88                    1486.21             1329.64             1486.21
s345           225267.59                    2815.84                0.00             3311.18
s346           225267.59                    2815.84                0.00             3535.61
s347           225267.59                    2815.84                0.00             3813.00
s348           205615.38                    2619.32              196.52             2619.32
s349           148336.55                    2046.53              769.31             2046.53
s350           225267.59                    2815.84                0.00             2852.78
s351           225267.59                    2815.84                0.00             3179.47
s352           203832.68                    2601.50              214.35             2601.50
s353            94659.72                    1509.77             1306.08             1509.77
s354           225267.59                    2815.84                0.00             3823.64
s355           225267.59                    2815.84                0.00             3571.74
s356           225267.59                    2815.84                0.00             3875.39
s357           225267.59                    2815.84                0.00             4280.25
s358           225267.59                    2815.84                0.00             2852.04
s359           225267.59                    2815.84                0.00             4265.23
s360            26204.37                     825.21             1990.63              825.21
s361            81220.47                    1375.37             1440.47             1375.37
s362           225267.59                    2815.84                0.00             4491.66
s363           185015.45                    2413.32              402.52             2413.32
s364           137049.54                    1933.66              882.18             1933.66
s365           225267.59                    2815.84                0.00             3642.06
s366           217571.76                    2738.89               76.96             2738.89
s367           225267.59                    2815.84                0.00             2955.03
s368           225267.59                    2815.84                0.00             2842.44
s369           225267.59                    2815.84                0.00             3265.33
s370           225267.59                    2815.84                0.00             3466.06
s371           225267.59                    2815.84                0.00             3056.62
s372           225267.59                    2815.84                0.00             3505.10
s373           225267.59                    2815.84                0.00             3691.91
s374           205166.55                    2614.83              201.01             2614.83
s375           184570.67                    2408.88              406.97             2408.88
s376           225267.59                    2815.84                0.00             4552.70
s377           225267.59                    2815.84                0.00             3847.04
s378           225267.59                    2815.84                0.00             3021.95
s379           203742.71                    2600.60              215.25             2600.60
s380           203486.94                    2598.04              217.81             2598.04
s381           105241.80                    1615.59             1200.26             1615.59
s382           225267.59                    2815.84                0.00             4346.74
s383           155799.79                    2121.17              694.68             2121.17
s384           225267.59                    2815.84                0.00             4960.92
s385           225267.59                    2815.84                0.00             3457.29
s386           187899.07                    2442.16              373.69             2442.16
s387           225267.59                    2815.84                0.00             3314.15
s388           225267.59                    2815.84                0.00             4276.88
s389           225267.59                    2815.84                0.00             3432.38
s390           225267.59                    2815.84                0.00             4652.09
s391           225267.59                    2815.84                0.00             3111.07
s392           225267.59                    2815.84                0.00             3154.04
s393            75395.66                    1317.13             1498.72             1317.13
s394           157330.28                    2136.47              679.37             2136.47
s395           225267.59                    2815.84                0.00             3474.49
s396           146202.64                    2025.20              790.65             2025.20
s397           225267.59                    2815.84                0.00             3377.13
s398           225267.59                    2815.84                0.00             4474.91
s399           174333.51                    2306.50              509.34             2306.50
s400           153579.14                    2098.96              716.88             2098.96
s401           225267.59                    2815.84                0.00             4365.52
s402           225267.59                    2815.84                0.00             3741.04
s403           208521.58                    2648.38              167.46             2648.38
s404           225267.59                    2815.84                0.00             4094.50
s405           142285.20                    1986.02              829.82             1986.02
s406           225267.59                    2815.84                0.00             3606.30
s407           225267.59                    2815.84                0.00             3366.76
s408           148269.84                    2045.87              769.98             2045.87
s409           206945.32                    2632.62              183.22             2632.62
s410           225267.59                    2815.84                0.00             2849.03
s411           193162.03                    2494.79              321.06             2494.79
s412            17986.69                     743.04             2072.81              743.04
s413           225267.59                    2815.84                0.00             3120.20
s414           225267.59                    2815.84                0.00             3460.91
s415           225267.59                    2815.84                0.00             3868.88
s416           225267.59                    2815.84                0.00             3639.56
s417           225267.59                    2815.84                0.00             3375.56
s418           225267.59                    2815.84                0.00             3638.73
s419           225267.59                    2815.84                0.00             4999.04
s420            17400.33                     737.17             2078.67              737.17
s421           219763.47                    2760.80               55.04             2760.80
s422           109937.68                    1662.55             1153.30             1662.55
s423           225267.59                    2815.84                0.00             3469.41
s424           225267.59                    2815.84                0.00             3764.48
s425           225267.59                    2815.84                0.00             3021.03
s426           172863.01                    2291.80              524.05             2291.80
s427           122559.58                    1788.76             1027.08             1788.76
s428           206661.79                    2629.79              186.06             2629.79
s429           225267.59                    2815.84                0.00             4474.03
s430           225267.59                    2815.84                0.00             2838.75
s431           161456.10                    2177.73              638.11             2177.73
s432           214522.81                    2708.40              107.45             2708.40
s433           107066.05                    1633.83             1182.02             1633.83
s434           225267.59                    2815.84                0.00             3809.33
s435            57665.75                    1139.83             1676.02             1139.83
s436           220430.18                    2767.47               48.37             2767.47
s437           225267.59                    2815.84                0.00             3093.50
s438           225267.59                    2815.84                0.00             4122.92
s439           225267.59                    2815.84                0.00             2944.97
s440           140414.24                    1967.31              848.53             1967.31
s441            -1245.49                     550.71             2265.13              550.71
s442           150860.82                    2071.78              744.07             2071.78
s443           225267.59                    2815.84                0.00             3659.06
s444           225267.59                    2815.84                0.00             3847.68
s445           225267.59                    2815.84                0.00             3508.44
s446           225267.59                    2815.84                0.00             3547.67
s447           130681.89                    1869.99              945.86             1869.99
s448           225267.59                    2815.84                0.00             4516.27
s449           225267.59                    2815.84                0.00             5292.89
s450           225267.59                    2815.84                0.00             4436.69
s451           215956.60                    2722.73               93.11             2722.73
s452           132950.11                    1892.67              923.17             1892.67
s453           225267.59                    2815.84                0.00             3977.76
s454           225267.59                    2815.84                0.00             5742.93
s455           225267.59                    2815.84                0.00             4437.46
s456           123786.47                    1801.03             1014.81             1801.03
s457           208982.14                    2652.99              162.85             2652.99
s458           168909.50                    2252.26              563.58             2252.26
s459            91689.64                    1480.07             1335.78             1480.07
s460           225267.59                    2815.84                0.00             2945.71
s461           225267.59                    2815.84                0.00             4208.20
s462           141613.37                    1979.30              836.54             1979.30
s463           225267.59                    2815.84                0.00             4166.14
s464           225267.59                    2815.84                0.00             3774.74
s465            89677.36                    1459.94             1355.90             1459.94
s466           225267.59                    2815.84                0.00             3158.20
s467           112633.89                    1689.51             1126.34             1689.51
s468           -39661.78                     166.55             2649.29              166.55
s469           -56316.90                       0.00             2815.84                0.00
s470           225267.59                    2815.84                0.00             4851.84
s471           225267.59                    2815.84                0.00             3980.06
s472           219432.13                    2757.49               58.35             2757.49
s473           224505.16                    2808.22                7.62             2808.22
s474           121227.83                    1775.45             1040.40             1775.45
s475           225220.44                    2815.37                0.47             2815.37
s476           225267.59                    2815.84                0.00             5157.40
s477            57255.64                    1135.73             1680.12             1135.73
s478           225267.59                    2815.84                0.00             3904.70
s479           225267.59                    2815.84                0.00             2882.47
s480           225267.59                    2815.84                0.00             4877.46
s481           141235.13                    1975.52              840.32             1975.52
s482           170182.77                    2265.00              550.85             2265.00
s483           225267.59                    2815.84                0.00             3968.11
s484           225267.59                    2815.84                0.00             5149.28
s485            21411.01                     777.28             2038.57              777.28
s486            39488.97                     958.06             1857.79              958.06
s487           225267.59                    2815.84                0.00             4284.70
s488           225267.59                    2815.84                0.00             3327.25
s489           225267.59                    2815.84                0.00             5573.77
s490           225267.59                    2815.84                0.00             4540.77
s491           225267.59                    2815.84                0.00             3802.55
s492           225267.59                    2815.84                0.00             3135.32
s493           225267.59                    2815.84                0.00             3264.10
s494           156079.49                    2123.96              691.88             2123.96
s495           225267.59                    2815.84                0.00             2876.49
s496           120755.85                    1770.73             1045.12             1770.73
s497           225267.59                    2815.84                0.00             3059.01
s498           225267.59                    2815.84                0.00             2886.80
s499           225267.59                    2815.84                0.00             3058.25
s500           225267.59                    2815.84                0.00             5004.41
s501           225267.59                    2815.84                0.00             3243.74
s502           225267.59                    2815.84                0.00             3776.77
s503           103105.48                    1594.22             1221.62             1594.22
s504           148516.00                    2048.33              767.52             2048.33
s505           225267.59                    2815.84                0.00             3418.69
s506           225267.59                    2815.84                0.00             2862.68
s507           225267.59                    2815.84                0.00             5600.52
s508           225267.59                    2815.84                0.00             4239.73
s509            93332.51                    1496.49             1319.35             1496.49
s510           157439.92                    2137.57              678.28             2137.57
s511           174999.73                    2313.17              502.68             2313.17
s512           -56316.90                       0.00             2815.84                0.00
s513           225267.59                    2815.84                0.00             4519.56
s514           135045.48                    1913.62              902.22             1913.62
s515           119568.90                    1758.86             1056.99             1758.86
s516           225267.59                    2815.84                0.00             3420.47
s517           200528.46                    2568.45              247.39             2568.45
s518           210031.06                    2663.48              152.37             2663.48
s519           225267.59                    2815.84                0.00             4059.48
s520           225267.59                    2815.84                0.00             4541.30
s521           201611.48                    2579.28              236.56             2579.28
s522           225267.59                    2815.84                0.00             3507.74
s523           161545.58                    2178.62              637.22             2178.62
s524           191025.19                    2473.42              342.42             2473.42
s525           225267.59                    2815.84                0.00             5093.49
s526           225267.59                    2815.84                0.00             4286.58
s527           225267.59                    2815.84                0.00             4157.60
s528            91125.27                    1474.42             1341.42             1474.42
s529           225267.59                    2815.84                0.00             2832.33
s530           225267.59                    2815.84                0.00             4563.53
s531           225267.59                    2815.84                0.00             4719.79
s532           225267.59                    2815.84                0.00             4085.64
s533           225267.59                    2815.84                0.00             3501.71
s534           225267.59                    2815.84                0.00             3799.83
s535           122234.27                    1785.51             1030.33             1785.51
s536           225267.59                    2815.84                0.00             4811.28
s537           -46726.52                      95.90             2719.94               95.90
s538           225267.59                    2815.84                0.00             4215.52
s539           225267.59                    2815.84                0.00             3571.54
s540           225267.59                    2815.84                0.00             7522.15
s541           185569.73                    2418.87              396.98             2418.87
s542           206401.09                    2627.18              188.66             2627.18
s543           152040.53                    2083.57              732.27             2083.57
s544           225267.59                    2815.84                0.00             2867.76
s545           225267.59                    2815.84                0.00             5482.97
s546           225267.59                    2815.84                0.00             5798.91
s547           225267.59                    2815.84                0.00             3490.85
s548           195453.79                    2517.71              298.14             2517.71
s549           193595.18                    2499.12              316.72             2499.12
s550           225267.59                    2815.84                0.00             3184.53
s551           225267.59                    2815.84                0.00             2908.86
s552           225267.59                    2815.84                0.00             4173.97
s553           225267.59                    2815.84                0.00             3492.64
s554           225267.59                    2815.84                0.00             3513.33
s555           178558.16                    2348.75              467.09             2348.75
s556           225267.59                    2815.84                0.00             3154.30
s557           225267.59                    2815.84                0.00             2916.17
s558           225267.59                    2815.84                0.00             4101.17
s559           200730.24                    2570.47              245.37             2570.47
s560           225267.59                    2815.84                0.00             3411.39
s561           125501.13                    1818.18              997.66             1818.18
s562           218292.29                    2746.09               69.75             2746.09
s563           225267.59                    2815.84                0.00             3901.73
s564           225267.59                    2815.84                0.00             5689.53
s565           123254.79                    1795.72             1020.13             1795.72
s566           225267.59                    2815.84                0.00             3905.11
s567           225267.59                    2815.84                0.00             3209.07
s568           225267.59                    2815.84                0.00             3262.45
s569           225267.59                    2815.84                0.00             3744.22
s570           210621.67                    2669.39              146.46             2669.39
s571           225267.59                    2815.84                0.00             3093.03
s572           225267.59                    2815.84                0.00             3383.19
s573           100738.42                    1570.55             1245.29             1570.55
s574           199825.80                    2561.43              254.42             2561.43
s575           169596.27                    2259.13              556.71             2259.13
s576           225267.59                    2815.84                0.00             3750.27
s577           220741.63                    2770.59               45.26             2770.59
s578           225267.59                    2815.84                0.00             4654.49
s579           225267.59                    2815.84                0.00             4768.81
s580           225267.59                    2815.84                0.00             4351.39
s581           106881.56                    1631.98             1183.86             1631.98
s582           225267.59                    2815.84                0.00             2966.82
s583           225267.59                    2815.84                0.00             5124.28
s584           225267.59                    2815.84                0.00             4248.87
s585           225267.59                    2815.84                0.00             3086.08
s586           225267.59                    2815.84                0.00             7593.80
s587           225267.59                    2815.84                0.00             3471.66
s588           225267.59                    2815.84                0.00             4924.71
s589           211203.09                    2675.20              140.65             2675.20
s590            66668.40                    1229.85             1585.99             1229.85
s591           180409.06                    2367.26              448.59             2367.26
s592           171452.56                    2277.69              538.15             2277.69
s593           150452.53                    2067.69              748.15             2067.69
s594           170053.72                    2263.71              552.14             2263.71
s595           225267.59                    2815.84                0.00             3963.16
s596           225267.59                    2815.84                0.00             5070.30
s597           225267.59                    2815.84                0.00             4209.78
s598           225267.59                    2815.84                0.00             3412.11
s599           225267.59                    2815.84                0.00             4584.96
s600           207923.11                    2642.40              173.44             2642.40
s601            -5898.70                     504.18             2311.66              504.18
s602           225267.59                    2815.84                0.00             3611.60
s603           225267.59                    2815.84                0.00             3035.74
s604           214748.35                    2710.65              105.19             2710.65
s605           225267.59                    2815.84                0.00             4724.58
s606           119547.29                    1758.64             1057.20             1758.64
s607           225267.59                    2815.84                0.00             3298.15
s608           217862.33                    2741.79               74.05             2741.79
s609           225267.59                    2815.84                0.00             4303.92
s610           225267.59                    2815.84                0.00             4109.20
s611           159122.86                    2154.40              661.45             2154.40
s612           207615.71                    2639.33              176.52             2639.33
s613           225267.59                    2815.84                0.00             4013.52
s614           225267.59                    2815.84                0.00             4473.59
s615           225267.59                    2815.84                0.00             4371.24
s616           225267.59                    2815.84                0.00             3177.97
s617           225267.59                    2815.84                0.00             4257.30
s618           225267.59                    2815.84                0.00             3406.46
s619           225267.59                    2815.84                0.00             4453.38
s620           225267.59                    2815.84                0.00             3915.61
s621           225267.59                    2815.84                0.00             4992.72
s622           221073.49                    2773.90               41.94             2773.90
s623           202094.68                    2584.12              231.73             2584.12
s624           225267.59                    2815.84                0.00             4588.58
s625           225267.59                    2815.84                0.00             4264.39
s626           225267.59                    2815.84                0.00             3739.13
s627           224501.71                    2808.19                7.66             2808.19
s628           225267.59                    2815.84                0.00             3256.34
s629           225267.59                    2815.84                0.00             3366.47
s630           225267.59                    2815.84                0.00             3784.30
s631           225267.59                    2815.84                0.00             4524.95
s632           225267.59                    2815.84                0.00             4458.47
s633           123730.55                    1800.47             1015.37             1800.47
s634           225267.59                    2815.84                0.00             5114.79
s635           225267.59                    2815.84                0.00             2950.79
s636           145403.47                    2017.20              798.64             2017.20
s637           190288.09                    2466.05              349.80             2466.05
s638           225267.59                    2815.84                0.00             2923.39
s639           177429.95                    2337.47              478.38             2337.47
s640           225267.59                    2815.84                0.00             4123.54
s641           217631.13                    2739.48               76.36             2739.48
s642           225267.59                    2815.84                0.00             3340.03
s643           225267.59                    2815.84                0.00             6148.19
s644           210159.63                    2664.77              151.08             2664.77
s645           225267.59                    2815.84                0.00             3053.38
s646           225267.59                    2815.84                0.00             4276.87
s647           225267.59                    2815.84                0.00             4848.35
s648           225267.59                    2815.84                0.00             3233.87
s649           225267.59                    2815.84                0.00             3011.29
s650           154051.63                    2103.69              712.16             2103.69
s651           225267.59                    2815.84                0.00             3761.10
s652           225267.59                    2815.84                0.00             3254.77
s653           225267.59                    2815.84                0.00             4348.52
s654           197769.53                    2540.86              274.98             2540.86
s655           225267.59                    2815.84                0.00             2975.28
s656           194668.21                    2509.85              305.99             2509.85
s657           213368.37                    2696.85              118.99             2696.85
s658           225267.59                    2815.84                0.00             3158.92
s659           132183.44                    1885.00              930.84             1885.00
s660           211404.96                    2677.22              138.63             2677.22
s661           199032.26                    2553.49              262.35             2553.49
s662           225267.59                    2815.84                0.00             3630.06
s663            82667.85                    1389.85             1426.00             1389.85
s664           225267.59                    2815.84                0.00             4542.15
s665           225267.59                    2815.84                0.00             4662.61
s666           202154.54                    2584.71              231.13             2584.71
s667           225267.59                    2815.84                0.00             3575.80
s668           225267.59                    2815.84                0.00             2896.09
s669           225267.59                    2815.84                0.00             3548.42
s670           225267.59                    2815.84                0.00             3501.09
s671           225267.59                    2815.84                0.00             4540.04
s672           225267.59                    2815.84                0.00             2857.78
s673           225267.59                    2815.84                0.00             4653.68
s674           225267.59                    2815.84                0.00             3767.87
s675           225267.59                    2815.84                0.00             2899.17
s676           217889.70                    2742.07               73.78             2742.07
s677           225267.59                    2815.84                0.00             4484.41
s678           225267.59                    2815.84                0.00             4083.43
s679           209566.10                    2658.83              157.01             2658.83
s680           201050.56                    2573.67              242.17             2573.67
s681           225267.59                    2815.84                0.00             4668.63
s682           225267.59                    2815.84                0.00             3964.22
s683           225267.59                    2815.84                0.00             3851.53
s684           151266.24                    2075.83              740.01             2075.83
s685           225267.59                    2815.84                0.00             5428.32
s686           225267.59                    2815.84                0.00             3390.30
s687           225267.59                    2815.84                0.00             5149.09
s688           225267.59                    2815.84                0.00             4067.76
s689           225267.59                    2815.84                0.00             3325.90
s690           225267.59                    2815.84                0.00             3829.42
s691           225267.59                    2815.84                0.00             4115.61
s692           225267.59                    2815.84                0.00             4347.75
s693            17249.22                     735.66             2080.18              735.66
s694           225267.59                    2815.84                0.00             3649.71
s695           225267.59                    2815.84                0.00             3040.11
s696            79042.33                    1353.59             1462.25             1353.59
s697           225267.59                    2815.84                0.00             3651.63
s698           225267.59                    2815.84                0.00             3534.01
s699           225267.59                    2815.84                0.00             3010.33
s700           225267.59                    2815.84                0.00             4274.63
s701           141677.07                    1979.94              835.91             1979.94
s702            68056.19                    1243.73             1572.11             1243.73
s703           168447.87                    2247.65              568.20             2247.65
s704           225267.59                    2815.84                0.00             3249.34
s705           225267.59                    2815.84                0.00             6014.80
s706           225267.59                    2815.84                0.00             2894.81
s707           225267.59                    2815.84                0.00             4027.67
s708           225267.59                    2815.84                0.00             3286.20
s709           225267.59                    2815.84                0.00             3765.58
s710           225267.59                    2815.84                0.00             3485.44
s711           198794.52                    2551.11              264.73             2551.11
s712           177645.48                    2339.62              476.22             2339.62
s713            58689.68                    1150.07             1665.78             1150.07
s714           225267.59                    2815.84                0.00             2841.79
s715           156777.16                    2130.94              684.90             2130.94
s716           225267.59                    2815.84                0.00             4778.89
s717           206218.17                    2625.35              190.49             2625.35
s718            12465.89                     687.83             2128.02              687.83
s719           172869.43                    2291.86              523.98             2291.86
s720           225267.59                    2815.84                0.00             2869.64
s721           225267.59                    2815.84                0.00             3937.43
s722           225267.59                    2815.84                0.00             3947.75
s723           225267.59                    2815.84                0.00             4839.66
s724           194818.30                    2511.35              304.49             2511.35
s725           130064.98                    1863.82              952.03             1863.82
s726           155451.09                    2117.68              698.16             2117.68
s727           137016.22                    1933.33              882.51             1933.33
s728           225267.59                    2815.84                0.00             3653.99
s729             6598.70                     629.16             2186.69              629.16
s730           225267.59                    2815.84                0.00             3251.25
s731           225267.59                    2815.84                0.00             4295.44
s732           225267.59                    2815.84                0.00             3259.96
s733           225267.59                    2815.84                0.00             4070.31
s734           225267.59                    2815.84                0.00             4456.71
s735           219690.83                    2760.08               55.77             2760.08
s736           225267.59                    2815.84                0.00             3740.01
s737            95772.14                    1520.89             1294.95             1520.89
s738           225267.59                    2815.84                0.00             4058.69
s739           225267.59                    2815.84                0.00             3758.47
s740            26564.89                     828.82             1987.03              828.82
s741           180937.15                    2372.54              443.30             2372.54
s742           225267.59                    2815.84                0.00             3671.03
s743           225267.59                    2815.84                0.00             4454.55
s744           168461.28                    2247.78              568.06             2247.78
s745            24357.91                     806.75             2009.10              806.75
s746           225267.59                    2815.84                0.00             3108.67
s747           189631.78                    2459.49              356.36             2459.49
s748           225267.59                    2815.84                0.00             3132.43
s749            83692.52                    1400.09             1415.75             1400.09
s750           225267.59                    2815.84                0.00             2964.93
s751            92821.23                    1491.38             1324.46             1491.38
s752           225267.59                    2815.84                0.00             4327.13
s753           225267.59                    2815.84                0.00             3808.48
s754           225267.59                    2815.84                0.00             4308.15
s755           225267.59                    2815.84                0.00             2890.55
s756           213254.04                    2695.71              120.14             2695.71
s757           123386.69                    1797.04             1018.81             1797.04
s758           225267.59                    2815.84                0.00             2829.02
s759           152322.58                    2086.39              729.45             2086.39
s760           225267.59                    2815.84                0.00             3025.54
s761           190934.84                    2472.52              343.33             2472.52
s762           -50776.70                      55.40             2760.44               55.40
s763           225267.59                    2815.84                0.00             3435.61
s764           225267.59                    2815.84                0.00             2815.84
s765           225267.59                    2815.84                0.00             3909.41
s766           220733.96                    2770.51               45.34             2770.51
s767           225267.59                    2815.84                0.00             3049.21
s768           225267.59                    2815.84                0.00             4192.51
s769           225267.59                    2815.84                0.00             3692.80
s770           200505.79                    2568.23              247.62             2568.23
s771           152548.64                    2088.66              727.19             2088.66
s772           195270.95                    2515.88              299.97             2515.88
s773           225267.59                    2815.84                0.00             3008.22
s774           120537.90                    1768.55             1047.30             1768.55
s775           225267.59                    2815.84                0.00             4207.64
s776            33933.32                     902.50             1913.34              902.50
s777           225267.59                    2815.84                0.00             3276.20
s778           225267.59                    2815.84                0.00             3550.82
s779           225267.59                    2815.84                0.00             3212.75
s780           192865.23                    2491.82              324.02             2491.82
s781           225267.59                    2815.84                0.00             3637.04
s782           225267.59                    2815.84                0.00             4725.85
s783           197476.42                    2537.93              277.91             2537.93
s784           225267.59                    2815.84                0.00             4100.33
s785           176053.34                    2323.70              492.14             2323.70
s786           225267.59                    2815.84                0.00             4138.65
s787           225267.59                    2815.84                0.00             2920.68
s788           225267.59                    2815.84                0.00             4745.56
s789           225267.59                    2815.84                0.00             4852.44
s790           132063.15                    1883.80              932.04             1883.80
s791           225267.59                    2815.84                0.00             4321.98
s792           212246.82                    2685.64              130.21             2685.64
s793           225267.59                    2815.84                0.00             6035.53
s794           119598.28                    1759.15             1056.69             1759.15
s795           134855.36                    1911.72              904.12             1911.72
s796           225267.59                    2815.84                0.00             3664.80
s797           127134.43                    1834.51              981.33             1834.51
s798           116936.99                    1732.54             1083.31             1732.54
s799           225267.59                    2815.84                0.00             3369.87
s800           225267.59                    2815.84                0.00             2843.38
s801           225267.59                    2815.84                0.00             4641.19
s802           225267.59                    2815.84                0.00             5818.94
s803           123136.77                    1794.54             1021.31             1794.54
s804           225267.59                    2815.84                0.00             3717.57
s805           225267.59                    2815.84                0.00             3264.00
s806           225267.59                    2815.84                0.00             3780.96
s807           205087.05                    2614.04              201.81             2614.04
s808           181408.43                    2377.25              438.59             2377.25
s809           206604.66                    2629.22              186.63             2629.22
s810            79580.47                    1358.97             1456.87             1358.97
s811           225267.59                    2815.84                0.00             4518.49
s812           186418.86                    2427.36              388.49             2427.36
s813           183918.03                    2402.35              413.50             2402.35
s814           225267.59                    2815.84                0.00             4131.85
s815           225267.59                    2815.84                0.00             4064.17
s816           225267.59                    2815.84                0.00             3277.52
s817           225267.59                    2815.84                0.00             3299.79
s818           225267.59                    2815.84                0.00             4043.74
s819           225267.59                    2815.84                0.00             3970.90
s820           225267.59                    2815.84                0.00             4488.34
s821           225267.59                    2815.84                0.00             5108.29
s822           189388.61                    2457.06              358.79             2457.06
s823           225267.59                    2815.84                0.00             3334.86
s824           225267.59                    2815.84                0.00             3068.41
s825           225267.59                    2815.84                0.00             3674.90
s826           225267.59                    2815.84                0.00             2911.90
s827           225267.59                    2815.84                0.00             5314.43
s828           225267.59                    2815.84                0.00             2952.21
s829           225267.59                    2815.84                0.00             3773.81
s830           225267.59                    2815.84                0.00             4418.07
s831           225267.59                    2815.84                0.00             3362.92
s832           225267.59                    2815.84                0.00             3515.08
s833           225267.59                    2815.84                0.00             5286.51
s834           225267.59                    2815.84                0.00             6320.49
s835           225267.59                    2815.84                0.00             4355.46
s836           225267.59                    2815.84                0.00             3765.63
s837           156292.78                    2126.10              689.75             2126.10
s838           225267.59                    2815.84                0.00             4085.26
s839           129160.19                    1854.77              961.07             1854.77
s840           225267.59                    2815.84                0.00             3674.04
s841            59222.27                    1155.39             1660.45             1155.39
s842           225267.59                    2815.84                0.00             4315.15
s843           161666.61                    2179.84              636.01             2179.84
s844           223728.25                    2800.45               15.39             2800.45
s845           147477.68                    2037.95              777.90             2037.95
s846           225267.59                    2815.84                0.00             3089.17
s847           225267.59                    2815.84                0.00             4255.98
s848           194109.08                    2504.26              311.59             2504.26
s849           169558.48                    2258.75              557.09             2258.75
s850           156133.95                    2124.51              691.34             2124.51
s851           225267.59                    2815.84                0.00             3758.65
s852           159920.41                    2162.37              653.47             2162.37
s853           134242.01                    1905.59              910.26             1905.59
s854           225267.59                    2815.84                0.00             3953.91
s855           225267.59                    2815.84                0.00             4347.45
s856           225267.59                    2815.84                0.00             3421.93
s857           170368.02                    2266.85              549.00             2266.85
s858           216073.28                    2723.90               91.94             2723.90
s859           225267.59                    2815.84                0.00             3705.26
s860           225267.59                    2815.84                0.00             2823.65
s861           184578.57                    2408.95              406.89             2408.95
s862           225267.59                    2815.84                0.00             3337.97
s863           140021.11                    1963.38              852.46             1963.38
s864           225267.59                    2815.84                0.00             3432.50
s865           225267.59                    2815.84                0.00             5001.26
s866           225267.59                    2815.84                0.00             7977.10
s867           190126.95                    2464.44              351.41             2464.44
s868           225267.59                    2815.84                0.00             2885.15
s869           167363.09                    2236.80              579.04             2236.80
s870           181974.92                    2382.92              432.93             2382.92
s871           163598.94                    2199.16              616.69             2199.16
s872           163572.37                    2198.89              616.95             2198.89
s873           225267.59                    2815.84                0.00             3034.38
s874           225267.59                    2815.84                0.00             3577.90
s875           225267.59                    2815.84                0.00             4002.71
s876           225267.59                    2815.84                0.00             3001.38
s877           225267.59                    2815.84                0.00             4951.93
s878           225267.59                    2815.84                0.00             3797.28
s879            68792.74                    1251.10             1564.75             1251.10
s880           197489.42                    2538.06              277.78             2538.06
s881           225267.59                    2815.84                0.00             3570.62
s882           198849.18                    2551.66              264.18             2551.66
s883            17707.08                     740.24             2075.61              740.24
s884           225267.59                    2815.84                0.00             4285.79
s885           121852.70                    1781.70             1034.15             1781.70
s886           225267.59                    2815.84                0.00             4272.92
s887           225267.59                    2815.84                0.00             5247.82
s888           225267.59                    2815.84                0.00             4328.85
s889           225267.59                    2815.84                0.00             4683.40
s890           225267.59                    2815.84                0.00             3240.45
s891           225267.59                    2815.84                0.00             3837.92
s892           225267.59                    2815.84                0.00             4093.52
s893           154604.17                    2109.21              706.63             2109.21
s894           187648.66                    2439.66              376.19             2439.66
s895           115676.56                    1719.93             1095.91             1719.93
s896           173983.89                    2303.01              512.84             2303.01
s897           225267.59                    2815.84                0.00             2826.62
s898           225267.59                    2815.84                0.00             3117.32
s899           225267.59                    2815.84                0.00             3368.19
s900           121743.28                    1780.60             1035.24             1780.60
s901           158012.23                    2143.29              672.55             2143.29
s902           202287.79                    2586.05              229.80             2586.05
s903           190766.04                    2470.83              345.02             2470.83
s904           225267.59                    2815.84                0.00             3756.06
s905           139195.59                    1955.12              860.72             1955.12
s906           225267.59                    2815.84                0.00             5392.87
s907           225267.59                    2815.84                0.00             4079.70
s908           225267.59                    2815.84                0.00             3558.27
s909           225267.59                    2815.84                0.00             4381.37
s910           225267.59                    2815.84                0.00             3059.99
s911           183651.04                    2399.68              416.17             2399.68
s912           225267.59                    2815.84                0.00             4581.84
s913            21966.23                     782.83             2033.01              782.83
s914           219885.40                    2762.02               53.82             2762.02
s915           225267.59                    2815.84                0.00             3898.20
s916           225267.59                    2815.84                0.00             3460.04
s917           142894.16                    1992.11              823.73             1992.11
s918           142069.97                    1983.87              831.98             1983.87
s919           119495.40                    1758.12             1057.72             1758.12
s920           225267.59                    2815.84                0.00             3162.90
s921           217244.07                    2735.61               80.24             2735.61
s922            96923.25                    1532.40             1283.44             1532.40
s923            68209.64                    1245.27             1570.58             1245.27
s924           225267.59                    2815.84                0.00             4490.77
s925            78867.91                    1351.85             1464.00             1351.85
s926           225267.59                    2815.84                0.00             4043.23
s927           163989.07                    2203.06              612.79             2203.06
s928           187680.35                    2439.97              375.87             2439.97
s929           211668.47                    2679.85              135.99             2679.85
s930           225267.59                    2815.84                0.00             2946.47
s931           225267.59                    2815.84                0.00             4224.48
s932           225267.59                    2815.84                0.00             3178.47
s933           215471.94                    2717.89               97.96             2717.89
s934           107957.19                    1642.74             1173.10             1642.74
s935           225267.59                    2815.84                0.00             4141.19
s936           225267.59                    2815.84                0.00             4604.39
s937           225267.59                    2815.84                0.00             4878.64
s938           183497.30                    2398.14              417.70             2398.14
s939            -7233.80                     490.83             2325.01              490.83
s940           225267.59                    2815.84                0.00             2929.40
s941           225267.59                    2815.84                0.00             4826.24
s942           225267.59                    2815.84                0.00             3001.98
s943           165808.51                    2221.25              594.59             2221.25
s944           196938.82                    2532.56              283.29             2532.56
s945           164307.32                    2206.24              609.60             2206.24
s946           225267.59                    2815.84                0.00             3372.67
s947           172653.70                    2289.71              526.14             2289.71
s948           138785.79                    1951.03              864.82             1951.03
s949            35486.26                     918.03             1897.81              918.03
s950           218080.13                    2743.97               71.87             2743.97
s951           225267.59                    2815.84                0.00             3473.07
s952           225267.59                    2815.84                0.00             3642.63
s953           185246.82                    2415.64              400.21             2415.64
s954           225267.59                    2815.84                0.00             4806.45
s955           225267.59                    2815.84                0.00             4026.91
s956           162872.17                    2191.89              623.95             2191.89
s957           225267.59                    2815.84                0.00             2982.48
s958           225267.59                    2815.84                0.00             3249.37
s959           211686.50                    2680.03              135.81             2680.03
s960           225267.59                    2815.84                0.00             4830.69
s961           225267.59                    2815.84                0.00             3702.37
s962           225267.59                    2815.84                0.00             3393.58
s963           225267.59                    2815.84                0.00             3772.40
s964           225267.59                    2815.84                0.00             3069.58
s965           225267.59                    2815.84                0.00             4851.12
s966           225267.59                    2815.84                0.00             3986.17
s967           225267.59                    2815.84                0.00             3605.83
s968           225267.59                    2815.84                0.00             3650.21
s969           110754.74                    1670.72             1145.13             1670.72
s970           225267.59                    2815.84                0.00             4612.46
s971            45457.69                    1017.75             1798.10             1017.75
s972           149669.85                    2059.87              755.98             2059.87
s973           225267.59                    2815.84                0.00             3590.05
s974           225267.59                    2815.84                0.00             3942.83
s975           225267.59                    2815.84                0.00             3810.33
s976           225267.59                    2815.84                0.00             4394.38
s977           178217.44                    2345.34              470.50             2345.34
s978           225267.59                    2815.84                0.00             3999.53
s979           122995.61                    1793.13             1022.72             1793.13
s980           225267.59                    2815.84                0.00             3756.12
s981           225267.59                    2815.84                0.00             3606.26
s982           104950.63                    1612.68             1203.17             1612.68
s983           225267.59                    2815.84                0.00             3544.87
s984           141302.42                    1976.19              839.65             1976.19
s985           208376.47                    2646.93              168.91             2646.93
s986           225267.59                    2815.84                0.00             3771.61
s987           196283.18                    2526.00              289.84             2526.00
s988           225267.59                    2815.84                0.00             6155.41
s989           225267.59                    2815.84                0.00             3874.54
s990           225267.59                    2815.84                0.00             2941.15
s991           144996.47                    2013.13              802.71             2013.13
s992           225267.59                    2815.84                0.00             5211.91
s993           155514.63                    2118.32              697.53             2118.32
s994           225267.59                    2815.84                0.00             3092.06
s995            34006.12                     903.23             1912.61              903.23
s996           121725.54                    1780.42             1035.42             1780.42
s997           133642.20                    1899.59              916.25             1899.59
s998           183101.85                    2394.19              421.66             2394.19
s999           194213.36                    2505.30              310.54             2505.30
s1000          225267.59                    2815.84                0.00             2825.04
