Orders             Exp_profit          Exp_sales           Exp_lost_sales      Exp_leftover        Stockout_prob       CVaR

        0.00               0.00                0.00             3137.18                0.00                1.00                0.00



Scenario           Profit              Sales               Leftover_inv        demand
s1                  0.00                       0.00                0.00             3188.25
s2                  0.00                       0.00                0.00             3838.86
s3                  0.00                       0.00                0.00             1552.68
s4                  0.00                       0.00                0.00             3162.94
s5                  0.00                       0.00                0.00             1605.85
s6                  0.00                       0.00                0.00             2480.83
s7                  0.00                       0.00                0.00             3563.91
s8                  0.00                       0.00                0.00             1907.20
s9                  0.00                       0.00                0.00             3974.80
s10                 0.00                       0.00                0.00                0.00
s11                 0.00                       0.00                0.00             2715.44
s12                 0.00                       0.00                0.00             2017.38
s13                 0.00                       0.00                0.00             2662.24
s14                 0.00                       0.00                0.00             4485.04
s15                 0.00                       0.00                0.00             2787.86
s16                 0.00                       0.00                0.00             2467.26
s17                 0.00                       0.00                0.00             4192.53
s18                 0.00                       0.00                0.00             2870.00
s19                 0.00                       0.00                0.00             2689.59
s20                 0.00                       0.00                0.00             2526.41
s21                 0.00                       0.00                0.00             4091.27
s22                 0.00                       0.00                0.00             3307.65
s23                 0.00                       0.00                0.00             4714.17
s24                 0.00                       0.00                0.00             1366.87
s25                 0.00                       0.00                0.00             4182.56
s26                 0.00                       0.00                0.00               47.65
s27                 0.00                       0.00                0.00             3866.85
s28                 0.00                       0.00                0.00             4048.97
s29                 0.00                       0.00                0.00             4090.59
s30                 0.00                       0.00                0.00             4408.84
s31                 0.00                       0.00                0.00             3328.51
s32                 0.00                       0.00                0.00             3301.81
s33                 0.00                       0.00                0.00             3874.48
s34                 0.00                       0.00                0.00             3907.43
s35                 0.00                       0.00                0.00             2962.42
s36                 0.00                       0.00                0.00             3141.30
s37                 0.00                       0.00                0.00             3648.11
s38                 0.00                       0.00                0.00             3681.10
s39                 0.00                       0.00                0.00             5003.22
s40                 0.00                       0.00                0.00             3378.43
s41                 0.00                       0.00                0.00             5107.10
s42                 0.00                       0.00                0.00             1868.03
s43                 0.00                       0.00                0.00             2736.28
s44                 0.00                       0.00                0.00              216.06
s45                 0.00                       0.00                0.00             2855.29
s46                 0.00                       0.00                0.00             1613.28
s47                 0.00                       0.00                0.00             1903.88
s48                 0.00                       0.00                0.00             3148.96
s49                 0.00                       0.00                0.00             4403.85
s50                 0.00                       0.00                0.00             3964.55
s51                 0.00                       0.00                0.00             2925.99
s52                 0.00                       0.00                0.00             4750.87
s53                 0.00                       0.00                0.00             1888.39
s54                 0.00                       0.00                0.00             2459.57
s55                 0.00                       0.00                0.00             2617.27
s56                 0.00                       0.00                0.00             2288.06
s57                 0.00                       0.00                0.00             3585.10
s58                 0.00                       0.00                0.00             4368.33
s59                 0.00                       0.00                0.00             4971.11
s60                 0.00                       0.00                0.00             1427.99
s61                 0.00                       0.00                0.00             4248.76
s62                 0.00                       0.00                0.00             4121.00
s63                 0.00                       0.00                0.00             1947.32
s64                 0.00                       0.00                0.00             1720.39
s65                 0.00                       0.00                0.00             4508.10
s66                 0.00                       0.00                0.00             2745.26
s67                 0.00                       0.00                0.00             2400.82
s68                 0.00                       0.00                0.00             3201.93
s69                 0.00                       0.00                0.00             2378.94
s70                 0.00                       0.00                0.00             2491.32
s71                 0.00                       0.00                0.00             2551.31
s72                 0.00                       0.00                0.00             2593.27
s73                 0.00                       0.00                0.00             7010.74
s74                 0.00                       0.00                0.00             3956.45
s75                 0.00                       0.00                0.00             1770.84
s76                 0.00                       0.00                0.00             3870.97
s77                 0.00                       0.00                0.00             1068.66
s78                 0.00                       0.00                0.00             3746.06
s79                 0.00                       0.00                0.00             4210.24
s80                 0.00                       0.00                0.00             3890.99
s81                 0.00                       0.00                0.00             1305.87
s82                 0.00                       0.00                0.00             3498.27
s83                 0.00                       0.00                0.00             3197.86
s84                 0.00                       0.00                0.00             2010.13
s85                 0.00                       0.00                0.00             2222.25
s86                 0.00                       0.00                0.00             2568.55
s87                 0.00                       0.00                0.00             3709.01
s88                 0.00                       0.00                0.00             3655.25
s89                 0.00                       0.00                0.00             3448.57
s90                 0.00                       0.00                0.00             1797.52
s91                 0.00                       0.00                0.00             4424.47
s92                 0.00                       0.00                0.00             4349.05
s93                 0.00                       0.00                0.00             2426.19
s94                 0.00                       0.00                0.00             3756.19
s95                 0.00                       0.00                0.00             2940.36
s96                 0.00                       0.00                0.00             2766.13
s97                 0.00                       0.00                0.00             3956.88
s98                 0.00                       0.00                0.00             2475.70
s99                 0.00                       0.00                0.00             2966.90
s100                0.00                       0.00                0.00             1521.92
s101                0.00                       0.00                0.00             4327.76
s102                0.00                       0.00                0.00             3261.12
s103                0.00                       0.00                0.00             1859.92
s104                0.00                       0.00                0.00             1599.15
s105                0.00                       0.00                0.00             3959.47
s106                0.00                       0.00                0.00             3434.49
s107                0.00                       0.00                0.00             2500.85
s108                0.00                       0.00                0.00             1331.09
s109                0.00                       0.00                0.00             2153.06
s110                0.00                       0.00                0.00             4339.83
s111                0.00                       0.00                0.00             5598.15
s112                0.00                       0.00                0.00             2515.86
s113                0.00                       0.00                0.00              367.38
s114                0.00                       0.00                0.00             3099.94
s115                0.00                       0.00                0.00             4296.38
s116                0.00                       0.00                0.00             3281.13
s117                0.00                       0.00                0.00             2461.30
s118                0.00                       0.00                0.00             3019.16
s119                0.00                       0.00                0.00             3096.81
s120                0.00                       0.00                0.00             3818.87
s121                0.00                       0.00                0.00             2760.31
s122                0.00                       0.00                0.00             3906.00
s123                0.00                       0.00                0.00             1574.58
s124                0.00                       0.00                0.00             3166.96
s125                0.00                       0.00                0.00              912.90
s126                0.00                       0.00                0.00             1893.51
s127                0.00                       0.00                0.00             3941.33
s128                0.00                       0.00                0.00             3211.88
s129                0.00                       0.00                0.00             1871.49
s130                0.00                       0.00                0.00              390.11
s131                0.00                       0.00                0.00             3719.54
s132                0.00                       0.00                0.00             3353.03
s133                0.00                       0.00                0.00             3290.54
s134                0.00                       0.00                0.00             4304.49
s135                0.00                       0.00                0.00             2519.02
s136                0.00                       0.00                0.00             3080.56
s137                0.00                       0.00                0.00             4784.99
s138                0.00                       0.00                0.00             3108.43
s139                0.00                       0.00                0.00             4328.83
s140                0.00                       0.00                0.00             2472.25
s141                0.00                       0.00                0.00             3976.60
s142                0.00                       0.00                0.00             3698.00
s143                0.00                       0.00                0.00             4542.86
s144                0.00                       0.00                0.00              763.62
s145                0.00                       0.00                0.00             1184.95
s146                0.00                       0.00                0.00             2699.69
s147                0.00                       0.00                0.00             3626.35
s148                0.00                       0.00                0.00             4781.35
s149                0.00                       0.00                0.00             4151.54
s150                0.00                       0.00                0.00             3827.90
s151                0.00                       0.00                0.00             2829.46
s152                0.00                       0.00                0.00             1565.40
s153                0.00                       0.00                0.00             1742.28
s154                0.00                       0.00                0.00             4234.46
s155                0.00                       0.00                0.00             2321.55
s156                0.00                       0.00                0.00             2375.60
s157                0.00                       0.00                0.00             3579.42
s158                0.00                       0.00                0.00             2919.31
s159                0.00                       0.00                0.00             2771.73
s160                0.00                       0.00                0.00             3750.56
s161                0.00                       0.00                0.00             4494.94
s162                0.00                       0.00                0.00             2590.69
s163                0.00                       0.00                0.00             1871.29
s164                0.00                       0.00                0.00             4090.04
s165                0.00                       0.00                0.00             2969.56
s166                0.00                       0.00                0.00             3185.79
s167                0.00                       0.00                0.00             3479.89
s168                0.00                       0.00                0.00             2239.42
s169                0.00                       0.00                0.00             3749.28
s170                0.00                       0.00                0.00             2205.65
s171                0.00                       0.00                0.00             3082.36
s172                0.00                       0.00                0.00             1800.00
s173                0.00                       0.00                0.00             4267.36
s174                0.00                       0.00                0.00             6307.64
s175                0.00                       0.00                0.00             4548.85
s176                0.00                       0.00                0.00             2443.43
s177                0.00                       0.00                0.00             3957.97
s178                0.00                       0.00                0.00             3493.36
s179                0.00                       0.00                0.00             2961.18
s180                0.00                       0.00                0.00             3737.22
s181                0.00                       0.00                0.00             4514.19
s182                0.00                       0.00                0.00             3352.89
s183                0.00                       0.00                0.00             3573.93
s184                0.00                       0.00                0.00             5024.76
s185                0.00                       0.00                0.00             2998.27
s186                0.00                       0.00                0.00             3732.34
s187                0.00                       0.00                0.00              144.04
s188                0.00                       0.00                0.00             5122.31
s189                0.00                       0.00                0.00             2691.48
s190                0.00                       0.00                0.00             3026.21
s191                0.00                       0.00                0.00             3688.75
s192                0.00                       0.00                0.00             3274.05
s193                0.00                       0.00                0.00             3510.31
s194                0.00                       0.00                0.00             1335.14
s195                0.00                       0.00                0.00             3645.14
s196                0.00                       0.00                0.00             2797.67
s197                0.00                       0.00                0.00             3235.16
s198                0.00                       0.00                0.00             3181.71
s199                0.00                       0.00                0.00             4042.54
s200                0.00                       0.00                0.00             1532.34
s201                0.00                       0.00                0.00             2575.40
s202                0.00                       0.00                0.00             3764.85
s203                0.00                       0.00                0.00             2759.89
s204                0.00                       0.00                0.00             3029.35
s205                0.00                       0.00                0.00             3293.42
s206                0.00                       0.00                0.00             4071.56
s207                0.00                       0.00                0.00             4144.28
s208                0.00                       0.00                0.00             2512.89
s209                0.00                       0.00                0.00             4029.13
s210                0.00                       0.00                0.00             2550.31
s211                0.00                       0.00                0.00             2615.71
s212                0.00                       0.00                0.00             2653.85
s213                0.00                       0.00                0.00             2927.99
s214                0.00                       0.00                0.00             2451.07
s215                0.00                       0.00                0.00             4275.19
s216                0.00                       0.00                0.00             4567.11
s217                0.00                       0.00                0.00             4616.65
s218                0.00                       0.00                0.00             2198.09
s219                0.00                       0.00                0.00             3922.24
s220                0.00                       0.00                0.00             4843.11
s221                0.00                       0.00                0.00             2323.17
s222                0.00                       0.00                0.00             2523.03
s223                0.00                       0.00                0.00             2786.21
s224                0.00                       0.00                0.00             3078.87
s225                0.00                       0.00                0.00             4501.35
s226                0.00                       0.00                0.00             3628.98
s227                0.00                       0.00                0.00             2324.10
s228                0.00                       0.00                0.00             2110.19
s229                0.00                       0.00                0.00             3114.46
s230                0.00                       0.00                0.00             4367.70
s231                0.00                       0.00                0.00             2022.75
s232                0.00                       0.00                0.00             3208.13
s233                0.00                       0.00                0.00             3376.59
s234                0.00                       0.00                0.00             3422.66
s235                0.00                       0.00                0.00             3092.89
s236                0.00                       0.00                0.00             2156.75
s237                0.00                       0.00                0.00             1510.19
s238                0.00                       0.00                0.00             2714.67
s239                0.00                       0.00                0.00             3196.28
s240                0.00                       0.00                0.00             2607.45
s241                0.00                       0.00                0.00             2032.86
s242                0.00                       0.00                0.00             3734.26
s243                0.00                       0.00                0.00             3367.61
s244                0.00                       0.00                0.00             3802.00
s245                0.00                       0.00                0.00             2750.59
s246                0.00                       0.00                0.00             2917.83
s247                0.00                       0.00                0.00             3164.90
s248                0.00                       0.00                0.00             3743.60
s249                0.00                       0.00                0.00             2192.11
s250                0.00                       0.00                0.00             3228.50
s251                0.00                       0.00                0.00             3137.31
s252                0.00                       0.00                0.00             1974.85
s253                0.00                       0.00                0.00             3177.52
s254                0.00                       0.00                0.00             2958.72
s255                0.00                       0.00                0.00             3797.97
s256                0.00                       0.00                0.00             2260.01
s257                0.00                       0.00                0.00             2799.87
s258                0.00                       0.00                0.00             2167.31
s259                0.00                       0.00                0.00             3846.63
s260                0.00                       0.00                0.00             4091.40
s261                0.00                       0.00                0.00             3766.87
s262                0.00                       0.00                0.00             2428.68
s263                0.00                       0.00                0.00             4661.93
s264                0.00                       0.00                0.00             2548.50
s265                0.00                       0.00                0.00             3791.74
s266                0.00                       0.00                0.00             2357.65
s267                0.00                       0.00                0.00             3115.42
s268                0.00                       0.00                0.00             2287.76
s269                0.00                       0.00                0.00             2850.69
s270                0.00                       0.00                0.00             2226.29
s271                0.00                       0.00                0.00             1769.15
s272                0.00                       0.00                0.00             2364.73
s273                0.00                       0.00                0.00             3440.59
s274                0.00                       0.00                0.00             1742.91
s275                0.00                       0.00                0.00             3860.64
s276                0.00                       0.00                0.00             3369.12
s277                0.00                       0.00                0.00             2755.49
s278                0.00                       0.00                0.00             2212.92
s279                0.00                       0.00                0.00             4132.07
s280                0.00                       0.00                0.00             4502.04
s281                0.00                       0.00                0.00             2430.41
s282                0.00                       0.00                0.00             1351.34
s283                0.00                       0.00                0.00             2255.18
s284                0.00                       0.00                0.00             4902.12
s285                0.00                       0.00                0.00             3755.93
s286                0.00                       0.00                0.00             3825.63
s287                0.00                       0.00                0.00             3136.01
s288                0.00                       0.00                0.00             2001.21
s289                0.00                       0.00                0.00             2671.57
s290                0.00                       0.00                0.00             4036.61
s291                0.00                       0.00                0.00             2077.26
s292                0.00                       0.00                0.00             3799.42
s293                0.00                       0.00                0.00             4098.48
s294                0.00                       0.00                0.00             3581.96
s295                0.00                       0.00                0.00              356.38
s296                0.00                       0.00                0.00             2184.20
s297                0.00                       0.00                0.00             4192.43
s298                0.00                       0.00                0.00             3642.28
s299                0.00                       0.00                0.00             3857.40
s300                0.00                       0.00                0.00             2991.40
s301                0.00                       0.00                0.00             4327.46
s302                0.00                       0.00                0.00             3547.91
s303                0.00                       0.00                0.00             2181.00
s304                0.00                       0.00                0.00             4400.82
s305                0.00                       0.00                0.00             2159.95
s306                0.00                       0.00                0.00             3287.67
s307                0.00                       0.00                0.00              803.73
s308                0.00                       0.00                0.00             2469.33
s309                0.00                       0.00                0.00             1185.95
s310                0.00                       0.00                0.00             4643.70
s311                0.00                       0.00                0.00             3516.03
s312                0.00                       0.00                0.00             1909.51
s313                0.00                       0.00                0.00             2664.49
s314                0.00                       0.00                0.00             4877.15
s315                0.00                       0.00                0.00             3157.62
s316                0.00                       0.00                0.00             1971.40
s317                0.00                       0.00                0.00             1429.06
s318                0.00                       0.00                0.00             3712.37
s319                0.00                       0.00                0.00             2832.88
s320                0.00                       0.00                0.00             2097.44
s321                0.00                       0.00                0.00             3988.47
s322                0.00                       0.00                0.00             3661.53
s323                0.00                       0.00                0.00             4011.89
s324                0.00                       0.00                0.00             4058.98
s325                0.00                       0.00                0.00             3365.44
s326                0.00                       0.00                0.00             3238.29
s327                0.00                       0.00                0.00             1090.18
s328                0.00                       0.00                0.00             1819.31
s329                0.00                       0.00                0.00             3814.09
s330                0.00                       0.00                0.00             2375.67
s331                0.00                       0.00                0.00             5231.73
s332                0.00                       0.00                0.00             4741.49
s333                0.00                       0.00                0.00             4013.90
s334                0.00                       0.00                0.00             2009.74
s335                0.00                       0.00                0.00             2446.97
s336                0.00                       0.00                0.00             3625.91
s337                0.00                       0.00                0.00             3998.73
s338                0.00                       0.00                0.00             4242.66
s339                0.00                       0.00                0.00             3269.02
s340                0.00                       0.00                0.00             4716.48
s341                0.00                       0.00                0.00             3750.90
s342                0.00                       0.00                0.00             3309.51
s343                0.00                       0.00                0.00             2133.63
s344                0.00                       0.00                0.00             1486.21
s345                0.00                       0.00                0.00             3311.18
s346                0.00                       0.00                0.00             3535.61
s347                0.00                       0.00                0.00             3813.00
s348                0.00                       0.00                0.00             2619.32
s349                0.00                       0.00                0.00             2046.53
s350                0.00                       0.00                0.00             2852.78
s351                0.00                       0.00                0.00             3179.47
s352                0.00                       0.00                0.00             2601.50
s353                0.00                       0.00                0.00             1509.77
s354                0.00                       0.00                0.00             3823.64
s355                0.00                       0.00                0.00             3571.74
s356                0.00                       0.00                0.00             3875.39
s357                0.00                       0.00                0.00             4280.25
s358                0.00                       0.00                0.00             2852.04
s359                0.00                       0.00                0.00             4265.23
s360                0.00                       0.00                0.00              825.21
s361                0.00                       0.00                0.00             1375.37
s362                0.00                       0.00                0.00             4491.66
s363                0.00                       0.00                0.00             2413.32
s364                0.00                       0.00                0.00             1933.66
s365                0.00                       0.00                0.00             3642.06
s366                0.00                       0.00                0.00             2738.89
s367                0.00                       0.00                0.00             2955.03
s368                0.00                       0.00                0.00             2842.44
s369                0.00                       0.00                0.00             3265.33
s370                0.00                       0.00                0.00             3466.06
s371                0.00                       0.00                0.00             3056.62
s372                0.00                       0.00                0.00             3505.10
s373                0.00                       0.00                0.00             3691.91
s374                0.00                       0.00                0.00             2614.83
s375                0.00                       0.00                0.00             2408.88
s376                0.00                       0.00                0.00             4552.70
s377                0.00                       0.00                0.00             3847.04
s378                0.00                       0.00                0.00             3021.95
s379                0.00                       0.00                0.00             2600.60
s380                0.00                       0.00                0.00             2598.04
s381                0.00                       0.00                0.00             1615.59
s382                0.00                       0.00                0.00             4346.74
s383                0.00                       0.00                0.00             2121.17
s384                0.00                       0.00                0.00             4960.92
s385                0.00                       0.00                0.00             3457.29
s386                0.00                       0.00                0.00             2442.16
s387                0.00                       0.00                0.00             3314.15
s388                0.00                       0.00                0.00             4276.88
s389                0.00                       0.00                0.00             3432.38
s390                0.00                       0.00                0.00             4652.09
s391                0.00                       0.00                0.00             3111.07
s392                0.00                       0.00                0.00             3154.04
s393                0.00                       0.00                0.00             1317.13
s394                0.00                       0.00                0.00             2136.47
s395                0.00                       0.00                0.00             3474.49
s396                0.00                       0.00                0.00             2025.20
s397                0.00                       0.00                0.00             3377.13
s398                0.00                       0.00                0.00             4474.91
s399                0.00                       0.00                0.00             2306.50
s400                0.00                       0.00                0.00             2098.96
s401                0.00                       0.00                0.00             4365.52
s402                0.00                       0.00                0.00             3741.04
s403                0.00                       0.00                0.00             2648.38
s404                0.00                       0.00                0.00             4094.50
s405                0.00                       0.00                0.00             1986.02
s406                0.00                       0.00                0.00             3606.30
s407                0.00                       0.00                0.00             3366.76
s408                0.00                       0.00                0.00             2045.87
s409                0.00                       0.00                0.00             2632.62
s410                0.00                       0.00                0.00             2849.03
s411                0.00                       0.00                0.00             2494.79
s412                0.00                       0.00                0.00              743.04
s413                0.00                       0.00                0.00             3120.20
s414                0.00                       0.00                0.00             3460.91
s415                0.00                       0.00                0.00             3868.88
s416                0.00                       0.00                0.00             3639.56
s417                0.00                       0.00                0.00             3375.56
s418                0.00                       0.00                0.00             3638.73
s419                0.00                       0.00                0.00             4999.04
s420                0.00                       0.00                0.00              737.17
s421                0.00                       0.00                0.00             2760.80
s422                0.00                       0.00                0.00             1662.55
s423                0.00                       0.00                0.00             3469.41
s424                0.00                       0.00                0.00             3764.48
s425                0.00                       0.00                0.00             3021.03
s426                0.00                       0.00                0.00             2291.80
s427                0.00                       0.00                0.00             1788.76
s428                0.00                       0.00                0.00             2629.79
s429                0.00                       0.00                0.00             4474.03
s430                0.00                       0.00                0.00             2838.75
s431                0.00                       0.00                0.00             2177.73
s432                0.00                       0.00                0.00             2708.40
s433                0.00                       0.00                0.00             1633.83
s434                0.00                       0.00                0.00             3809.33
s435                0.00                       0.00                0.00             1139.83
s436                0.00                       0.00                0.00             2767.47
s437                0.00                       0.00                0.00             3093.50
s438                0.00                       0.00                0.00             4122.92
s439                0.00                       0.00                0.00             2944.97
s440                0.00                       0.00                0.00             1967.31
s441                0.00                       0.00                0.00              550.71
s442                0.00                       0.00                0.00             2071.78
s443                0.00                       0.00                0.00             3659.06
s444                0.00                       0.00                0.00             3847.68
s445                0.00                       0.00                0.00             3508.44
s446                0.00                       0.00                0.00             3547.67
s447                0.00                       0.00                0.00             1869.99
s448                0.00                       0.00                0.00             4516.27
s449                0.00                       0.00                0.00             5292.89
s450                0.00                       0.00                0.00             4436.69
s451                0.00                       0.00                0.00             2722.73
s452                0.00                       0.00                0.00             1892.67
s453                0.00                       0.00                0.00             3977.76
s454                0.00                       0.00                0.00             5742.93
s455                0.00                       0.00                0.00             4437.46
s456                0.00                       0.00                0.00             1801.03
s457                0.00                       0.00                0.00             2652.99
s458                0.00                       0.00                0.00             2252.26
s459                0.00                       0.00                0.00             1480.07
s460                0.00                       0.00                0.00             2945.71
s461                0.00                       0.00                0.00             4208.20
s462                0.00                       0.00                0.00             1979.30
s463                0.00                       0.00                0.00             4166.14
s464                0.00                       0.00                0.00             3774.74
s465                0.00                       0.00                0.00             1459.94
s466                0.00                       0.00                0.00             3158.20
s467                0.00                       0.00                0.00             1689.51
s468                0.00                       0.00                0.00              166.55
s469                0.00                       0.00                0.00                0.00
s470                0.00                       0.00                0.00             4851.84
s471                0.00                       0.00                0.00             3980.06
s472                0.00                       0.00                0.00             2757.49
s473                0.00                       0.00                0.00             2808.22
s474                0.00                       0.00                0.00             1775.45
s475                0.00                       0.00                0.00             2815.37
s476                0.00                       0.00                0.00             5157.40
s477                0.00                       0.00                0.00             1135.73
s478                0.00                       0.00                0.00             3904.70
s479                0.00                       0.00                0.00             2882.47
s480                0.00                       0.00                0.00             4877.46
s481                0.00                       0.00                0.00             1975.52
s482                0.00                       0.00                0.00             2265.00
s483                0.00                       0.00                0.00             3968.11
s484                0.00                       0.00                0.00             5149.28
s485                0.00                       0.00                0.00              777.28
s486                0.00                       0.00                0.00              958.06
s487                0.00                       0.00                0.00             4284.70
s488                0.00                       0.00                0.00             3327.25
s489                0.00                       0.00                0.00             5573.77
s490                0.00                       0.00                0.00             4540.77
s491                0.00                       0.00                0.00             3802.55
s492                0.00                       0.00                0.00             3135.32
s493                0.00                       0.00                0.00             3264.10
s494                0.00                       0.00                0.00             2123.96
s495                0.00                       0.00                0.00             2876.49
s496                0.00                       0.00                0.00             1770.73
s497                0.00                       0.00                0.00             3059.01
s498                0.00                       0.00                0.00             2886.80
s499                0.00                       0.00                0.00             3058.25
s500                0.00                       0.00                0.00             5004.41
s501                0.00                       0.00                0.00             3243.74
s502                0.00                       0.00                0.00             3776.77
s503                0.00                       0.00                0.00             1594.22
s504                0.00                       0.00                0.00             2048.33
s505                0.00                       0.00                0.00             3418.69
s506                0.00                       0.00                0.00             2862.68
s507                0.00                       0.00                0.00             5600.52
s508                0.00                       0.00                0.00             4239.73
s509                0.00                       0.00                0.00             1496.49
s510                0.00                       0.00                0.00             2137.57
s511                0.00                       0.00                0.00             2313.17
s512                0.00                       0.00                0.00                0.00
s513                0.00                       0.00                0.00             4519.56
s514                0.00                       0.00                0.00             1913.62
s515                0.00                       0.00                0.00             1758.86
s516                0.00                       0.00                0.00             3420.47
s517                0.00                       0.00                0.00             2568.45
s518                0.00                       0.00                0.00             2663.48
s519                0.00                       0.00                0.00             4059.48
s520                0.00                       0.00                0.00             4541.30
s521                0.00                       0.00                0.00             2579.28
s522                0.00                       0.00                0.00             3507.74
s523                0.00                       0.00                0.00             2178.62
s524                0.00                       0.00                0.00             2473.42
s525                0.00                       0.00                0.00             5093.49
s526                0.00                       0.00                0.00             4286.58
s527                0.00                       0.00                0.00             4157.60
s528                0.00                       0.00                0.00             1474.42
s529                0.00                       0.00                0.00             2832.33
s530                0.00                       0.00                0.00             4563.53
s531                0.00                       0.00                0.00             4719.79
s532                0.00                       0.00                0.00             4085.64
s533                0.00                       0.00                0.00             3501.71
s534                0.00                       0.00                0.00             3799.83
s535                0.00                       0.00                0.00             1785.51
s536                0.00                       0.00                0.00             4811.28
s537                0.00                       0.00                0.00               95.90
s538                0.00                       0.00                0.00             4215.52
s539                0.00                       0.00                0.00             3571.54
s540                0.00                       0.00                0.00             7522.15
s541                0.00                       0.00                0.00             2418.87
s542                0.00                       0.00                0.00             2627.18
s543                0.00                       0.00                0.00             2083.57
s544                0.00                       0.00                0.00             2867.76
s545                0.00                       0.00                0.00             5482.97
s546                0.00                       0.00                0.00             5798.91
s547                0.00                       0.00                0.00             3490.85
s548                0.00                       0.00                0.00             2517.71
s549                0.00                       0.00                0.00             2499.12
s550                0.00                       0.00                0.00             3184.53
s551                0.00                       0.00                0.00             2908.86
s552                0.00                       0.00                0.00             4173.97
s553                0.00                       0.00                0.00             3492.64
s554                0.00                       0.00                0.00             3513.33
s555                0.00                       0.00                0.00             2348.75
s556                0.00                       0.00                0.00             3154.30
s557                0.00                       0.00                0.00             2916.17
s558                0.00                       0.00                0.00             4101.17
s559                0.00                       0.00                0.00             2570.47
s560                0.00                       0.00                0.00             3411.39
s561                0.00                       0.00                0.00             1818.18
s562                0.00                       0.00                0.00             2746.09
s563                0.00                       0.00                0.00             3901.73
s564                0.00                       0.00                0.00             5689.53
s565                0.00                       0.00                0.00             1795.72
s566                0.00                       0.00                0.00             3905.11
s567                0.00                       0.00                0.00             3209.07
s568                0.00                       0.00                0.00             3262.45
s569                0.00                       0.00                0.00             3744.22
s570                0.00                       0.00                0.00             2669.39
s571                0.00                       0.00                0.00             3093.03
s572                0.00                       0.00                0.00             3383.19
s573                0.00                       0.00                0.00             1570.55
s574                0.00                       0.00                0.00             2561.43
s575                0.00                       0.00                0.00             2259.13
s576                0.00                       0.00                0.00             3750.27
s577                0.00                       0.00                0.00             2770.59
s578                0.00                       0.00                0.00             4654.49
s579                0.00                       0.00                0.00             4768.81
s580                0.00                       0.00                0.00             4351.39
s581                0.00                       0.00                0.00             1631.98
s582                0.00                       0.00                0.00             2966.82
s583                0.00                       0.00                0.00             5124.28
s584                0.00                       0.00                0.00             4248.87
s585                0.00                       0.00                0.00             3086.08
s586                0.00                       0.00                0.00             7593.80
s587                0.00                       0.00                0.00             3471.66
s588                0.00                       0.00                0.00             4924.71
s589                0.00                       0.00                0.00             2675.20
s590                0.00                       0.00                0.00             1229.85
s591                0.00                       0.00                0.00             2367.26
s592                0.00                       0.00                0.00             2277.69
s593                0.00                       0.00                0.00             2067.69
s594                0.00                       0.00                0.00             2263.71
s595                0.00                       0.00                0.00             3963.16
s596                0.00                       0.00                0.00             5070.30
s597                0.00                       0.00                0.00             4209.78
s598                0.00                       0.00                0.00             3412.11
s599                0.00                       0.00                0.00             4584.96
s600                0.00                       0.00                0.00             2642.40
s601                0.00                       0.00                0.00              504.18
s602                0.00                       0.00                0.00             3611.60
s603                0.00                       0.00                0.00             3035.74
s604                0.00                       0.00                0.00             2710.65
s605                0.00                       0.00                0.00             4724.58
s606                0.00                       0.00                0.00             1758.64
s607                0.00                       0.00                0.00             3298.15
s608                0.00                       0.00                0.00             2741.79
s609                0.00                       0.00                0.00             4303.92
s610                0.00                       0.00                0.00             4109.20
s611                0.00                       0.00                0.00             2154.40
s612                0.00                       0.00                0.00             2639.33
s613                0.00                       0.00                0.00             4013.52
s614                0.00                       0.00                0.00             4473.59
s615                0.00                       0.00                0.00             4371.24
s616                0.00                       0.00                0.00             3177.97
s617                0.00                       0.00                0.00             4257.30
s618                0.00                       0.00                0.00             3406.46
s619                0.00                       0.00                0.00             4453.38
s620                0.00                       0.00                0.00             3915.61
s621                0.00                       0.00                0.00             4992.72
s622                0.00                       0.00                0.00             2773.90
s623                0.00                       0.00                0.00             2584.12
s624                0.00                       0.00                0.00             4588.58
s625                0.00                       0.00                0.00             4264.39
s626                0.00                       0.00                0.00             3739.13
s627                0.00                       0.00                0.00             2808.19
s628                0.00                       0.00                0.00             3256.34
s629                0.00                       0.00                0.00             3366.47
s630                0.00                       0.00                0.00             3784.30
s631                0.00                       0.00                0.00             4524.95
s632                0.00                       0.00                0.00             4458.47
s633                0.00                       0.00                0.00             1800.47
s634                0.00                       0.00                0.00             5114.79
s635                0.00                       0.00                0.00             2950.79
s636                0.00                       0.00                0.00             2017.20
s637                0.00                       0.00                0.00             2466.05
s638                0.00                       0.00                0.00             2923.39
s639                0.00                       0.00                0.00             2337.47
s640                0.00                       0.00                0.00             4123.54
s641                0.00                       0.00                0.00             2739.48
s642                0.00                       0.00                0.00             3340.03
s643                0.00                       0.00                0.00             6148.19
s644                0.00                       0.00                0.00             2664.77
s645                0.00                       0.00                0.00             3053.38
s646                0.00                       0.00                0.00             4276.87
s647                0.00                       0.00                0.00             4848.35
s648                0.00                       0.00                0.00             3233.87
s649                0.00                       0.00                0.00             3011.29
s650                0.00                       0.00                0.00             2103.69
s651                0.00                       0.00                0.00             3761.10
s652                0.00                       0.00                0.00             3254.77
s653                0.00                       0.00                0.00             4348.52
s654                0.00                       0.00                0.00             2540.86
s655                0.00                       0.00                0.00             2975.28
s656                0.00                       0.00                0.00             2509.85
s657                0.00                       0.00                0.00             2696.85
s658                0.00                       0.00                0.00             3158.92
s659                0.00                       0.00                0.00             1885.00
s660                0.00                       0.00                0.00             2677.22
s661                0.00                       0.00                0.00             2553.49
s662                0.00                       0.00                0.00             3630.06
s663                0.00                       0.00                0.00             1389.85
s664                0.00                       0.00                0.00             4542.15
s665                0.00                       0.00                0.00             4662.61
s666                0.00                       0.00                0.00             2584.71
s667                0.00                       0.00                0.00             3575.80
s668                0.00                       0.00                0.00             2896.09
s669                0.00                       0.00                0.00             3548.42
s670                0.00                       0.00                0.00             3501.09
s671                0.00                       0.00                0.00             4540.04
s672                0.00                       0.00                0.00             2857.78
s673                0.00                       0.00                0.00             4653.68
s674                0.00                       0.00                0.00             3767.87
s675                0.00                       0.00                0.00             2899.17
s676                0.00                       0.00                0.00             2742.07
s677                0.00                       0.00                0.00             4484.41
s678                0.00                       0.00                0.00             4083.43
s679                0.00                       0.00                0.00             2658.83
s680                0.00                       0.00                0.00             2573.67
s681                0.00                       0.00                0.00             4668.63
s682                0.00                       0.00                0.00             3964.22
s683                0.00                       0.00                0.00             3851.53
s684                0.00                       0.00                0.00             2075.83
s685                0.00                       0.00                0.00             5428.32
s686                0.00                       0.00                0.00             3390.30
s687                0.00                       0.00                0.00             5149.09
s688                0.00                       0.00                0.00             4067.76
s689                0.00                       0.00                0.00             3325.90
s690                0.00                       0.00                0.00             3829.42
s691                0.00                       0.00                0.00             4115.61
s692                0.00                       0.00                0.00             4347.75
s693                0.00                       0.00                0.00              735.66
s694                0.00                       0.00                0.00             3649.71
s695                0.00                       0.00                0.00             3040.11
s696                0.00                       0.00                0.00             1353.59
s697                0.00                       0.00                0.00             3651.63
s698                0.00                       0.00                0.00             3534.01
s699                0.00                       0.00                0.00             3010.33
s700                0.00                       0.00                0.00             4274.63
s701                0.00                       0.00                0.00             1979.94
s702                0.00                       0.00                0.00             1243.73
s703                0.00                       0.00                0.00             2247.65
s704                0.00                       0.00                0.00             3249.34
s705                0.00                       0.00                0.00             6014.80
s706                0.00                       0.00                0.00             2894.81
s707                0.00                       0.00                0.00             4027.67
s708                0.00                       0.00                0.00             3286.20
s709                0.00                       0.00                0.00             3765.58
s710                0.00                       0.00                0.00             3485.44
s711                0.00                       0.00                0.00             2551.11
s712                0.00                       0.00                0.00             2339.62
s713                0.00                       0.00                0.00             1150.07
s714                0.00                       0.00                0.00             2841.79
s715                0.00                       0.00                0.00             2130.94
s716                0.00                       0.00                0.00             4778.89
s717                0.00                       0.00                0.00             2625.35
s718                0.00                       0.00                0.00              687.83
s719                0.00                       0.00                0.00             2291.86
s720                0.00                       0.00                0.00             2869.64
s721                0.00                       0.00                0.00             3937.43
s722                0.00                       0.00                0.00             3947.75
s723                0.00                       0.00                0.00             4839.66
s724                0.00                       0.00                0.00             2511.35
s725                0.00                       0.00                0.00             1863.82
s726                0.00                       0.00                0.00             2117.68
s727                0.00                       0.00                0.00             1933.33
s728                0.00                       0.00                0.00             3653.99
s729                0.00                       0.00                0.00              629.16
s730                0.00                       0.00                0.00             3251.25
s731                0.00                       0.00                0.00             4295.44
s732                0.00                       0.00                0.00             3259.96
s733                0.00                       0.00                0.00             4070.31
s734                0.00                       0.00                0.00             4456.71
s735                0.00                       0.00                0.00             2760.08
s736                0.00                       0.00                0.00             3740.01
s737                0.00                       0.00                0.00             1520.89
s738                0.00                       0.00                0.00             4058.69
s739                0.00                       0.00                0.00             3758.47
s740                0.00                       0.00                0.00              828.82
s741                0.00                       0.00                0.00             2372.54
s742                0.00                       0.00                0.00             3671.03
s743                0.00                       0.00                0.00             4454.55
s744                0.00                       0.00                0.00             2247.78
s745                0.00                       0.00                0.00              806.75
s746                0.00                       0.00                0.00             3108.67
s747                0.00                       0.00                0.00             2459.49
s748                0.00                       0.00                0.00             3132.43
s749                0.00                       0.00                0.00             1400.09
s750                0.00                       0.00                0.00             2964.93
s751                0.00                       0.00                0.00             1491.38
s752                0.00                       0.00                0.00             4327.13
s753                0.00                       0.00                0.00             3808.48
s754                0.00                       0.00                0.00             4308.15
s755                0.00                       0.00                0.00             2890.55
s756                0.00                       0.00                0.00             2695.71
s757                0.00                       0.00                0.00             1797.04
s758                0.00                       0.00                0.00             2829.02
s759                0.00                       0.00                0.00             2086.39
s760                0.00                       0.00                0.00             3025.54
s761                0.00                       0.00                0.00             2472.52
s762                0.00                       0.00                0.00               55.40
s763                0.00                       0.00                0.00             3435.61
s764                0.00                       0.00                0.00             2815.84
s765                0.00                       0.00                0.00             3909.41
s766                0.00                       0.00                0.00             2770.51
s767                0.00                       0.00                0.00             3049.21
s768                0.00                       0.00                0.00             4192.51
s769                0.00                       0.00                0.00             3692.80
s770                0.00                       0.00                0.00             2568.23
s771                0.00                       0.00                0.00             2088.66
s772                0.00                       0.00                0.00             2515.88
s773                0.00                       0.00                0.00             3008.22
s774                0.00                       0.00                0.00             1768.55
s775                0.00                       0.00                0.00             4207.64
s776                0.00                       0.00                0.00              902.50
s777                0.00                       0.00                0.00             3276.20
s778                0.00                       0.00                0.00             3550.82
s779                0.00                       0.00                0.00             3212.75
s780                0.00                       0.00                0.00             2491.82
s781                0.00                       0.00                0.00             3637.04
s782                0.00                       0.00                0.00             4725.85
s783                0.00                       0.00                0.00             2537.93
s784                0.00                       0.00                0.00             4100.33
s785                0.00                       0.00                0.00             2323.70
s786                0.00                       0.00                0.00             4138.65
s787                0.00                       0.00                0.00             2920.68
s788                0.00                       0.00                0.00             4745.56
s789                0.00                       0.00                0.00             4852.44
s790                0.00                       0.00                0.00             1883.80
s791                0.00                       0.00                0.00             4321.98
s792                0.00                       0.00                0.00             2685.64
s793                0.00                       0.00                0.00             6035.53
s794                0.00                       0.00                0.00             1759.15
s795                0.00                       0.00                0.00             1911.72
s796                0.00                       0.00                0.00             3664.80
s797                0.00                       0.00                0.00             1834.51
s798                0.00                       0.00                0.00             1732.54
s799                0.00                       0.00                0.00             3369.87
s800                0.00                       0.00                0.00             2843.38
s801                0.00                       0.00                0.00             4641.19
s802                0.00                       0.00                0.00             5818.94
s803                0.00                       0.00                0.00             1794.54
s804                0.00                       0.00                0.00             3717.57
s805                0.00                       0.00                0.00             3264.00
s806                0.00                       0.00                0.00             3780.96
s807                0.00                       0.00                0.00             2614.04
s808                0.00                       0.00                0.00             2377.25
s809                0.00                       0.00                0.00             2629.22
s810                0.00                       0.00                0.00             1358.97
s811                0.00                       0.00                0.00             4518.49
s812                0.00                       0.00                0.00             2427.36
s813                0.00                       0.00                0.00             2402.35
s814                0.00                       0.00                0.00             4131.85
s815                0.00                       0.00                0.00             4064.17
s816                0.00                       0.00                0.00             3277.52
s817                0.00                       0.00                0.00             3299.79
s818                0.00                       0.00                0.00             4043.74
s819                0.00                       0.00                0.00             3970.90
s820                0.00                       0.00                0.00             4488.34
s821                0.00                       0.00                0.00             5108.29
s822                0.00                       0.00                0.00             2457.06
s823                0.00                       0.00                0.00             3334.86
s824                0.00                       0.00                0.00             3068.41
s825                0.00                       0.00                0.00             3674.90
s826                0.00                       0.00                0.00             2911.90
s827                0.00                       0.00                0.00             5314.43
s828                0.00                       0.00                0.00             2952.21
s829                0.00                       0.00                0.00             3773.81
s830                0.00                       0.00                0.00             4418.07
s831                0.00                       0.00                0.00             3362.92
s832                0.00                       0.00                0.00             3515.08
s833                0.00                       0.00                0.00             5286.51
s834                0.00                       0.00                0.00             6320.49
s835                0.00                       0.00                0.00             4355.46
s836                0.00                       0.00                0.00             3765.63
s837                0.00                       0.00                0.00             2126.10
s838                0.00                       0.00                0.00             4085.26
s839                0.00                       0.00                0.00             1854.77
s840                0.00                       0.00                0.00             3674.04
s841                0.00                       0.00                0.00             1155.39
s842                0.00                       0.00                0.00             4315.15
s843                0.00                       0.00                0.00             2179.84
s844                0.00                       0.00                0.00             2800.45
s845                0.00                       0.00                0.00             2037.95
s846                0.00                       0.00                0.00             3089.17
s847                0.00                       0.00                0.00             4255.98
s848                0.00                       0.00                0.00             2504.26
s849                0.00                       0.00                0.00             2258.75
s850                0.00                       0.00                0.00             2124.51
s851                0.00                       0.00                0.00             3758.65
s852                0.00                       0.00                0.00             2162.37
s853                0.00                       0.00                0.00             1905.59
s854                0.00                       0.00                0.00             3953.91
s855                0.00                       0.00                0.00             4347.45
s856                0.00                       0.00                0.00             3421.93
s857                0.00                       0.00                0.00             2266.85
s858                0.00                       0.00                0.00             2723.90
s859                0.00                       0.00                0.00             3705.26
s860                0.00                       0.00                0.00             2823.65
s861                0.00                       0.00                0.00             2408.95
s862                0.00                       0.00                0.00             3337.97
s863                0.00                       0.00                0.00             1963.38
s864                0.00                       0.00                0.00             3432.50
s865                0.00                       0.00                0.00             5001.26
s866                0.00                       0.00                0.00             7977.10
s867                0.00                       0.00                0.00             2464.44
s868                0.00                       0.00                0.00             2885.15
s869                0.00                       0.00                0.00             2236.80
s870                0.00                       0.00                0.00             2382.92
s871                0.00                       0.00                0.00             2199.16
s872                0.00                       0.00                0.00             2198.89
s873                0.00                       0.00                0.00             3034.38
s874                0.00                       0.00                0.00             3577.90
s875                0.00                       0.00                0.00             4002.71
s876                0.00                       0.00                0.00             3001.38
s877                0.00                       0.00                0.00             4951.93
s878                0.00                       0.00                0.00             3797.28
s879                0.00                       0.00                0.00             1251.10
s880                0.00                       0.00                0.00             2538.06
s881                0.00                       0.00                0.00             3570.62
s882                0.00                       0.00                0.00             2551.66
s883                0.00                       0.00                0.00              740.24
s884                0.00                       0.00                0.00             4285.79
s885                0.00                       0.00                0.00             1781.70
s886                0.00                       0.00                0.00             4272.92
s887                0.00                       0.00                0.00             5247.82
s888                0.00                       0.00                0.00             4328.85
s889                0.00                       0.00                0.00             4683.40
s890                0.00                       0.00                0.00             3240.45
s891                0.00                       0.00                0.00             3837.92
s892                0.00                       0.00                0.00             4093.52
s893                0.00                       0.00                0.00             2109.21
s894                0.00                       0.00                0.00             2439.66
s895                0.00                       0.00                0.00             1719.93
s896                0.00                       0.00                0.00             2303.01
s897                0.00                       0.00                0.00             2826.62
s898                0.00                       0.00                0.00             3117.32
s899                0.00                       0.00                0.00             3368.19
s900                0.00                       0.00                0.00             1780.60
s901                0.00                       0.00                0.00             2143.29
s902                0.00                       0.00                0.00             2586.05
s903                0.00                       0.00                0.00             2470.83
s904                0.00                       0.00                0.00             3756.06
s905                0.00                       0.00                0.00             1955.12
s906                0.00                       0.00                0.00             5392.87
s907                0.00                       0.00                0.00             4079.70
s908                0.00                       0.00                0.00             3558.27
s909                0.00                       0.00                0.00             4381.37
s910                0.00                       0.00                0.00             3059.99
s911                0.00                       0.00                0.00             2399.68
s912                0.00                       0.00                0.00             4581.84
s913                0.00                       0.00                0.00              782.83
s914                0.00                       0.00                0.00             2762.02
s915                0.00                       0.00                0.00             3898.20
s916                0.00                       0.00                0.00             3460.04
s917                0.00                       0.00                0.00             1992.11
s918                0.00                       0.00                0.00             1983.87
s919                0.00                       0.00                0.00             1758.12
s920                0.00                       0.00                0.00             3162.90
s921                0.00                       0.00                0.00             2735.61
s922                0.00                       0.00                0.00             1532.40
s923                0.00                       0.00                0.00             1245.27
s924                0.00                       0.00                0.00             4490.77
s925                0.00                       0.00                0.00             1351.85
s926                0.00                       0.00                0.00             4043.23
s927                0.00                       0.00                0.00             2203.06
s928                0.00                       0.00                0.00             2439.97
s929                0.00                       0.00                0.00             2679.85
s930                0.00                       0.00                0.00             2946.47
s931                0.00                       0.00                0.00             4224.48
s932                0.00                       0.00                0.00             3178.47
s933                0.00                       0.00                0.00             2717.89
s934                0.00                       0.00                0.00             1642.74
s935                0.00                       0.00                0.00             4141.19
s936                0.00                       0.00                0.00             4604.39
s937                0.00                       0.00                0.00             4878.64
s938                0.00                       0.00                0.00             2398.14
s939                0.00                       0.00                0.00              490.83
s940                0.00                       0.00                0.00             2929.40
s941                0.00                       0.00                0.00             4826.24
s942                0.00                       0.00                0.00             3001.98
s943                0.00                       0.00                0.00             2221.25
s944                0.00                       0.00                0.00             2532.56
s945                0.00                       0.00                0.00             2206.24
s946                0.00                       0.00                0.00             3372.67
s947                0.00                       0.00                0.00             2289.71
s948                0.00                       0.00                0.00             1951.03
s949                0.00                       0.00                0.00              918.03
s950                0.00                       0.00                0.00             2743.97
s951                0.00                       0.00                0.00             3473.07
s952                0.00                       0.00                0.00             3642.63
s953                0.00                       0.00                0.00             2415.64
s954                0.00                       0.00                0.00             4806.45
s955                0.00                       0.00                0.00             4026.91
s956                0.00                       0.00                0.00             2191.89
s957                0.00                       0.00                0.00             2982.48
s958                0.00                       0.00                0.00             3249.37
s959                0.00                       0.00                0.00             2680.03
s960                0.00                       0.00                0.00             4830.69
s961                0.00                       0.00                0.00             3702.37
s962                0.00                       0.00                0.00             3393.58
s963                0.00                       0.00                0.00             3772.40
s964                0.00                       0.00                0.00             3069.58
s965                0.00                       0.00                0.00             4851.12
s966                0.00                       0.00                0.00             3986.17
s967                0.00                       0.00                0.00             3605.83
s968                0.00                       0.00                0.00             3650.21
s969                0.00                       0.00                0.00             1670.72
s970                0.00                       0.00                0.00             4612.46
s971                0.00                       0.00                0.00             1017.75
s972                0.00                       0.00                0.00             2059.87
s973                0.00                       0.00                0.00             3590.05
s974                0.00                       0.00                0.00             3942.83
s975                0.00                       0.00                0.00             3810.33
s976                0.00                       0.00                0.00             4394.38
s977                0.00                       0.00                0.00             2345.34
s978                0.00                       0.00                0.00             3999.53
s979                0.00                       0.00                0.00             1793.13
s980                0.00                       0.00                0.00             3756.12
s981                0.00                       0.00                0.00             3606.26
s982                0.00                       0.00                0.00             1612.68
s983                0.00                       0.00                0.00             3544.87
s984                0.00                       0.00                0.00             1976.19
s985                0.00                       0.00                0.00             2646.93
s986                0.00                       0.00                0.00             3771.61
s987                0.00                       0.00                0.00             2526.00
s988                0.00                       0.00                0.00             6155.41
s989                0.00                       0.00                0.00             3874.54
s990                0.00                       0.00                0.00             2941.15
s991                0.00                       0.00                0.00             2013.13
s992                0.00                       0.00                0.00             5211.91
s993                0.00                       0.00                0.00             2118.32
s994                0.00                       0.00                0.00             3092.06
s995                0.00                       0.00                0.00              903.23
s996                0.00                       0.00                0.00             1780.42
s997                0.00                       0.00                0.00             1899.59
s998                0.00                       0.00                0.00             2394.19
s999                0.00                       0.00                0.00             2505.30
s1000               0.00                       0.00                0.00             2825.04
